0.000000000000000000e+00 6.516300000000000425e-01 -7.725400000000000322e-03
1.035706476463074562e-05 6.579540563029073752e-01 -7.731547599479538999e-03
2.038246869936440389e-05 6.639846054895496286e-01 -7.755306599426500629e-03
3.041173431062550660e-05 6.700080079419281631e-01 -7.782074122320018633e-03
4.061045349871045978e-05 6.759145508852091311e-01 -7.855882506680152491e-03
5.069548425680810318e-05 6.816135168552444057e-01 -7.947397327414654558e-03
6.078061356691096012e-05 6.872427033433614607e-01 -8.010943979383618879e-03
7.104616865533050247e-05 6.927041108064547759e-01 -8.113319178255881323e-03
8.117112140134927266e-05 6.979234290546597608e-01 -8.298594942772782868e-03
9.144795649474424216e-05 7.029955512141325968e-01 -8.538949520620802217e-03
1.020348061055994864e-04 7.076877004587664999e-01 -8.794051040176565845e-03
1.125546903482584104e-04 7.118949795012472492e-01 -8.935601532424650856e-03
1.229480131546633963e-04 7.157292435057374114e-01 -8.913290314894156685e-03
1.344372893924876216e-04 7.192003641484573384e-01 -8.732130658166057519e-03
1.578303204010787948e-04 7.208043819132563534e-01 -8.739557358331309297e-03
1.654075751738961250e-04 7.195850857437730008e-01 -1.003568210513724850e-02
1.768269476035350726e-04 7.179915555942306682e-01 -1.149088102494893494e-02
1.877919862187682227e-04 7.167408970697402015e-01 -1.262739325252797314e-02
1.980394488090392552e-04 7.156530407670819161e-01 -1.363194358760137434e-02
2.081787401315466246e-04 7.146103589581237481e-01 -1.459371609389713102e-02
2.181378410514442031e-04 7.135955185578477522e-01 -1.555135710158435554e-02
2.281847122097378094e-04 7.125867213793087851e-01 -1.652021658371423049e-02
2.382447532807603911e-04 7.115804813156109132e-01 -1.746630190822545323e-02
2.484970596774435723e-04 7.105783954962734406e-01 -1.836731361116639497e-02
2.589445787213458488e-04 7.096203861842240723e-01 -1.919211368071218130e-02
2.694016546609102306e-04 7.087171486821771671e-01 -1.991763421377195503e-02
2.798788583093847807e-04 7.078719996905794565e-01 -2.055508596565132351e-02
2.904114984328098588e-04 7.070839508741908475e-01 -2.110339417232076284e-02
3.008757788593851169e-04 7.063465492244133115e-01 -2.156708363504247078e-02
3.113468581306949178e-04 7.056526182495335142e-01 -2.195580097796527921e-02
3.217275550698563483e-04 7.050001635894289631e-01 -2.228260814677301277e-02
3.320628164162301322e-04 7.043790175913977603e-01 -2.255820861600289079e-02
3.423197515265852123e-04 7.037831251215873607e-01 -2.278717668349075978e-02
3.524744489499713018e-04 7.032007263698192290e-01 -2.297393354682944824e-02
3.626580850980089038e-04 7.026289183562546281e-01 -2.313030628494811350e-02
3.728936944368717852e-04 7.020764643947606798e-01 -2.326744720133862299e-02
3.831520685607584095e-04 7.015478364812686163e-01 -2.339017743878365335e-02
3.934139741942164082e-04 7.010432390427717708e-01 -2.349660320064428376e-02
4.036773470002997686e-04 7.005616932599321167e-01 -2.358314562628260197e-02
4.138749990919300659e-04 7.000996769294810518e-01 -2.364912200164901585e-02
4.240942926798888109e-04 6.996537087206006200e-01 -2.369685900333591208e-02
4.343354963442620721e-04 6.992260990090199968e-01 -2.372974754203760819e-02
4.446030473828960672e-04 6.988182734276924268e-01 -2.374940264690833525e-02
4.549024834873617758e-04 6.984319722530415442e-01 -2.375524568312325363e-02
4.651752161856090913e-04 6.980674443165393317e-01 -2.374416341708193712e-02
4.754058720446173230e-04 6.977221694055926182e-01 -2.371426865986569349e-02
4.855928127024670320e-04 6.973939987300656895e-01 -2.366522366516976908e-02
4.956936767086392781e-04 6.970802347021227696e-01 -2.359546448963048548e-02
5.057181039658962748e-04 6.967777209370141778e-01 -2.350245015864793272e-02
5.156462274293039348e-04 6.964838490964850859e-01 -2.338415937639325148e-02
5.254821503607337053e-04 6.961956457183297031e-01 -2.323789380562939905e-02
5.352368933528090693e-04 6.959103826797711223e-01 -2.306019727545214823e-02
5.449253832973199136e-04 6.956265113248915055e-01 -2.284789960434490536e-02
5.545524940081234021e-04 6.953423478386977497e-01 -2.259644699592143480e-02
5.641506437405376800e-04 6.950563207010241884e-01 -2.230255877419063185e-02
5.737063138414822067e-04 6.947661230738761962e-01 -2.196257838013961419e-02
5.832689669334979645e-04 6.944706244383640481e-01 -2.157241727276983101e-02
5.928607220063668694e-04 6.941681295085433412e-01 -2.113159293114378126e-02
6.024640904639417139e-04 6.938563943469597817e-01 -2.064178835764587244e-02
6.121096953056442275e-04 6.935357121806711156e-01 -2.010224260196705887e-02
6.218010721738605889e-04 6.932038793539261334e-01 -1.951610288030157514e-02
6.315603198936239372e-04 6.928576491450831876e-01 -1.889047439186990196e-02
6.414529466849153930e-04 6.924940677986676230e-01 -1.824369546442591514e-02
6.514611686846247425e-04 6.921144888292062314e-01 -1.759397346441311100e-02
6.615779706559180538e-04 6.917271977825810714e-01 -1.695525150017579766e-02
6.717685890753441642e-04 6.913377091305915600e-01 -1.634505921967264672e-02
6.819958701105824535e-04 6.909468571845509555e-01 -1.576861995172457523e-02
6.922881346250087282e-04 6.905557234241926912e-01 -1.523165674028671701e-02
7.026427312940235594e-04 6.901691921032883092e-01 -1.474308975517261630e-02
7.129772423949596281e-04 6.897829806268284125e-01 -1.430781483158852924e-02
7.232517259398997230e-04 6.893908021356839333e-01 -1.392610725971888883e-02
7.334785387156561500e-04 6.889907679339137836e-01 -1.359448503852790126e-02
7.436668934894820858e-04 6.885826689164886716e-01 -1.330862747635452696e-02
7.537860719796084675e-04 6.881659109021863729e-01 -1.306659610138720048e-02
7.638935741605140271e-04 6.877395052199919423e-01 -1.286676635190616737e-02
7.739998946061581826e-04 6.873071901066021283e-01 -1.270717243785393462e-02
7.840984116457079718e-04 6.868723675342370827e-01 -1.258801141563502604e-02
7.941393625871681020e-04 6.864360529030923974e-01 -1.250830085415242585e-02
8.041323029572505863e-04 6.859968095899190432e-01 -1.246510689566142881e-02
8.141808224039708388e-04 6.855567246858762509e-01 -1.245451173879459465e-02
8.242431989616015369e-04 6.851218571937937041e-01 -1.247447113938069882e-02
8.343007782378616911e-04 6.846946742145780807e-01 -1.252172056656053641e-02
8.443371560456226213e-04 6.842755682844440246e-01 -1.259417036091580074e-02
8.543602381474354459e-04 6.838644832569722443e-01 -1.269202889599638749e-02
8.643714135492606542e-04 6.834621676591695616e-01 -1.281506061884171883e-02
8.743569728155397821e-04 6.830686790120188423e-01 -1.296302807775210481e-02
8.843322454739648746e-04 6.826842780161607172e-01 -1.313624336857018363e-02
8.942749509870291658e-04 6.823099442509564794e-01 -1.333615669756228229e-02
9.041780814963144191e-04 6.819448939733513404e-01 -1.356378400838488020e-02
9.140415014890190251e-04 6.815876197757161359e-01 -1.382006108960966324e-02
9.238619533449297970e-04 6.812367182576357649e-01 -1.410698753854258865e-02
9.336563703229126820e-04 6.808917937991365577e-01 -1.442730940647336986e-02
9.434136051258575593e-04 6.805514093029361167e-01 -1.478254848781272029e-02
9.531589704988783747e-04 6.802120475310996506e-01 -1.517302411073436982e-02
9.629352899167147083e-04 6.798713632486913516e-01 -1.559683734999413145e-02
9.727431086076063953e-04 6.795291182165266175e-01 -1.604980887190824920e-02
9.826072311480305455e-04 6.791871040406143312e-01 -1.652838135788147270e-02
9.925047389096723367e-04 6.788482274158715857e-01 -1.702714884304640935e-02
1.002432074859887536e-03 6.785149152655765015e-01 -1.754297873876758257e-02
1.012408241207058681e-03 6.781914566889353235e-01 -1.807319746461779481e-02
1.022440895239559245e-03 6.778838842140553211e-01 -1.861345284123903585e-02
1.032539533473421541e-03 6.775954474884111622e-01 -1.915702063733306856e-02
1.042682979008987664e-03 6.773267115399497218e-01 -1.969481473220546439e-02
1.052860178424670301e-03 6.770765624151265927e-01 -2.022163532096940899e-02
1.063068595316816155e-03 6.768434463611975316e-01 -2.073287939403262170e-02
1.073300868350013327e-03 6.766249796254242277e-01 -2.122515553725891346e-02
1.083569637438596203e-03 6.764170248903004223e-01 -2.169442365544510185e-02
1.093881588424694276e-03 6.762143965431758330e-01 -2.213573001082799752e-02
1.104227244083233819e-03 6.760131329538623390e-01 -2.254445698124497507e-02
1.114553037987526217e-03 6.758117793315602251e-01 -2.292004563109365650e-02
1.124849993964138891e-03 6.756087254281396559e-01 -2.326527247444485150e-02
1.135102900301990757e-03 6.754012554021412429e-01 -2.358218369075347834e-02
1.145298193617645677e-03 6.751859184072671605e-01 -2.387268473379827380e-02
1.155441746583470933e-03 6.749590577187427609e-01 -2.413787338763072679e-02
1.165530517267684106e-03 6.747176793136329120e-01 -2.437756555206366249e-02
1.175559810505738328e-03 6.744597915357547491e-01 -2.459188911580261275e-02
1.185536093221327197e-03 6.741842925899561578e-01 -2.478118630562450506e-02
1.195456320438614134e-03 6.738905476874941236e-01 -2.494627951641011782e-02
1.205346011574978757e-03 6.735784102116759708e-01 -2.508852631955758514e-02
1.215203371387808080e-03 6.732483316084629799e-01 -2.520871113680098544e-02
1.225037343331624850e-03 6.728999307884705461e-01 -2.530732188911202080e-02
1.234871998861710590e-03 6.725335806650893922e-01 -2.538438988066930857e-02
1.244729090186032878e-03 6.721511456896770431e-01 -2.544073111683064353e-02
1.254607250700286950e-03 6.717558448664294746e-01 -2.547775712383800600e-02
1.264488750492244983e-03 6.713493779937904637e-01 -2.549700381701893934e-02
1.274403796707017106e-03 6.709336188917105481e-01 -2.550016984081308544e-02
1.284352766812427681e-03 6.705117952810525361e-01 -2.548858666103077236e-02
1.294317945245163299e-03 6.700867501469708332e-01 -2.546400359941525596e-02
1.304313575808916043e-03 6.696603652228394488e-01 -2.542801996242010157e-02
1.314328737602140631e-03 6.692352466342758044e-01 -2.538206605077074698e-02
1.324368988640180385e-03 6.688132163137202602e-01 -2.532710119491032516e-02
1.334424035932911447e-03 6.683965007745948927e-01 -2.526264141785487111e-02
1.344484541973232743e-03 6.679864273768953975e-01 -2.518722925032565799e-02
1.354563276680267707e-03 6.675842310040037697e-01 -2.510009398774723857e-02
1.364650491216781681e-03 6.671917621250075259e-01 -2.500164052223675937e-02
1.374721714549282129e-03 6.668091215315246068e-01 -2.489177380801752340e-02
1.384805611970116529e-03 6.664361725474228226e-01 -2.477034279996690597e-02
1.394907916567794670e-03 6.660745097149863847e-01 -2.463807351642632870e-02
1.405001880124535658e-03 6.657245008053761515e-01 -2.449649942501591279e-02
1.415103067324451590e-03 6.653857183769201766e-01 -2.434695409402429928e-02
1.425204069777980063e-03 6.650585023565170895e-01 -2.418994844906860800e-02
1.435310798556391340e-03 6.647435780963758534e-01 -2.402479932651133826e-02
1.445424406860388103e-03 6.644421035378861307e-01 -2.385100313359187971e-02
1.455538258263456555e-03 6.641548215539613276e-01 -2.366891835316547663e-02
1.465644605559561367e-03 6.638817434748909285e-01 -2.347904984671201831e-02
1.475741664652683617e-03 6.636228765038798549e-01 -2.328136872073754970e-02
1.485831508146647547e-03 6.633785341712379324e-01 -2.307545251352065979e-02
1.495909880621379764e-03 6.631492411667623266e-01 -2.286096024013358277e-02
1.505967499809346237e-03 6.629353474508704602e-01 -2.263737133922232719e-02
1.515996578546458711e-03 6.627373001257547136e-01 -2.240363982417139035e-02
1.525997094778030767e-03 6.625554757066139944e-01 -2.215867163145636767e-02
1.535973524513114738e-03 6.623900585605410063e-01 -2.190189217856879783e-02
1.545926349797218735e-03 6.622413901984568474e-01 -2.163303158340743049e-02
1.555849221558822494e-03 6.621095221775303852e-01 -2.135172754519430033e-02
1.565742512764691126e-03 6.619942755844353544e-01 -2.105743561662864333e-02
1.575611346246222431e-03 6.618952348743861736e-01 -2.074956993094412977e-02
1.585467923133839028e-03 6.618116783841549999e-01 -2.042790353664026767e-02
1.595322777847436131e-03 6.617425665206240204e-01 -2.009283801751730186e-02
1.605183764837406560e-03 6.616867631305083375e-01 -1.974521587941821879e-02
1.615040131139001012e-03 6.616432827675267081e-01 -1.938572692825944396e-02
1.624889345646662571e-03 6.616110105033375932e-01 -1.901418303972826282e-02
1.634739748738456505e-03 6.615886709742265781e-01 -1.863034914833285732e-02
1.644603407078646740e-03 6.615752987587429912e-01 -1.823462217491562953e-02
1.654488994426226876e-03 6.615711631955897287e-01 -1.782822611494856366e-02
1.664396726049507252e-03 6.615777454886487829e-01 -1.741303786534005235e-02
1.674332606783607248e-03 6.615962916356662449e-01 -1.699118818835038472e-02
1.684292585471034928e-03 6.616270451919752382e-01 -1.656539338962507643e-02
1.694272913833617640e-03 6.616686380712795135e-01 -1.613760139278733532e-02
1.704274888851727877e-03 6.617192106284355280e-01 -1.570977805978697808e-02
1.714284728483279072e-03 6.617772457482603565e-01 -1.528333986795078932e-02
1.724305456470758306e-03 6.618413352523905280e-01 -1.485888638882319930e-02
1.734358585316293560e-03 6.619105178081781116e-01 -1.443789502387041353e-02
1.744454344056166470e-03 6.619847000761732714e-01 -1.402346507111869485e-02
1.754597027769563876e-03 6.620640638671990708e-01 -1.361929339035674973e-02
1.764789413694154785e-03 6.621485250608136752e-01 -1.322925628035573169e-02
1.775006252712288141e-03 6.622382281640926127e-01 -1.285642287036263542e-02
1.785242874190328885e-03 6.623343943449052640e-01 -1.250228607744217207e-02
1.795496229817297729e-03 6.624386418640315632e-01 -1.216840499543127459e-02
1.805756178379795901e-03 6.625520838212600738e-01 -1.185592820140689632e-02
1.815998617411862396e-03 6.626755507936415990e-01 -1.156490208091270205e-02
1.826220701328867737e-03 6.628099669966495133e-01 -1.129487895784831060e-02
1.836404076846828845e-03 6.629567713892020597e-01 -1.104566620038752167e-02
1.846526398263804557e-03 6.631176713236371922e-01 -1.081662578937047682e-02
1.856581888582238115e-03 6.632940434288315812e-01 -1.060657978564741831e-02
1.866568326224186860e-03 6.634867353115040389e-01 -1.041413158569712977e-02
1.876485872526343929e-03 6.636966989119943428e-01 -1.023775228123846234e-02
1.886345544844435619e-03 6.639251112311637115e-01 -1.007610075624853010e-02
1.896155772246700243e-03 6.641730538304443376e-01 -9.928169303151003142e-03
1.905927508127351795e-03 6.644415974431160388e-01 -9.792882240312245079e-03
1.915676624612729648e-03 6.647317284608129651e-01 -9.669095522180450736e-03
1.925407924821406595e-03 6.650441222700700372e-01 -9.555811899656270481e-03
1.935132247158604778e-03 6.653796216833598454e-01 -9.452233125983117157e-03
1.944854980891176860e-03 6.657388115891452740e-01 -9.357602223782672535e-03
1.954571151582767605e-03 6.661223562040360369e-01 -9.271251449239476666e-03
1.964289276181262027e-03 6.665312589180141245e-01 -9.192109447631416699e-03
1.973998489997867180e-03 6.669661510355782141e-01 -9.118959954771731560e-03
1.983677327476248038e-03 6.674310172098411043e-01 -9.051531716542181305e-03
1.993379170736866903e-03 6.679278245005418890e-01 -8.989422461202040485e-03
2.003096524183633782e-03 6.684561577060299520e-01 -8.931810816523675159e-03
2.012681162374155893e-03 6.690238797250626090e-01 -8.878970435595429436e-03
2.022277177315150685e-03 6.696424496511296232e-01 -8.830510272655335557e-03
2.031882086584922437e-03 6.703150277566246595e-01 -8.786395322463618970e-03
2.041481506755818236e-03 6.710449638185542742e-01 -8.746960317260233514e-03
2.050952666250465371e-03 6.718412161580271658e-01 -8.713009946129902580e-03
2.060369553960115022e-03 6.727349609302744060e-01 -8.683565576311183531e-03
2.069787796291273820e-03 6.737444162192249841e-01 -8.659210581598929257e-03
2.079235184840931214e-03 6.748826708837812882e-01 -8.641300938078867386e-03
2.088749940712335707e-03 6.761536008072129844e-01 -8.630295616304182668e-03
2.098285501345865511e-03 6.775565934145151292e-01 -8.621993070563629263e-03
2.107840311303783246e-03 6.790962935880939799e-01 -8.613472997248123111e-03
2.117410050392303737e-03 6.807822979940426622e-01 -8.602841977858146846e-03
2.127000980578473872e-03 6.826213071155804446e-01 -8.590723956237533362e-03
2.136554574203212899e-03 6.846270353929212460e-01 -8.575727232977220851e-03
2.146080212056908354e-03 6.868329337160949954e-01 -8.566971967794725917e-03
2.155668561335137567e-03 6.892525895399500557e-01 -8.575297241838317555e-03
2.165185811223065311e-03 6.918962357945225294e-01 -8.609102800815591344e-03
2.174618971534804119e-03 6.948397588657952983e-01 -8.674803752221628764e-03
2.184124488202283682e-03 6.981310779133947930e-01 -8.781260973264591249e-03
2.193995250405464826e-03 7.017015465208067404e-01 -8.941006513019274238e-03
2.204341670674978514e-03 7.052541900248427975e-01 -9.154945668425736038e-03
2.214975734022723783e-03 7.085045857733264230e-01 -9.343271695366492033e-03
2.225709764219818698e-03 7.113645516794325774e-01 -9.451540810901061171e-03
2.236525959240766737e-03 7.138407263358863553e-01 -9.467005124874786418e-03
2.247609975901248506e-03 7.159348607778057705e-01 -9.405687687072184985e-03
2.259609490932669180e-03 7.175799513457570278e-01 -9.344124155651101910e-03
2.274980890382206130e-03 7.186093235766654042e-01 -9.399604696215880725e-03
2.283058742331339330e-03 7.188497454517713825e-01 -9.682524728181075846e-03
2.290487792579446857e-03 7.183927144844337587e-01 -1.025540288310832285e-02
2.299521411335663131e-03 7.175370567204979455e-01 -1.101944591941826125e-02
2.309248619680602695e-03 7.165029798478383949e-01 -1.186190217942955857e-02
2.319286245291167850e-03 7.154522920946969622e-01 -1.274521354840973432e-02
2.329368844852180032e-03 7.144375193300049887e-01 -1.364243245384184899e-02
2.339381969517799562e-03 7.134597291950972586e-01 -1.455448989933394964e-02
2.349293909273428814e-03 7.125021615831764743e-01 -1.549500443938755904e-02
2.359139375993492965e-03 7.115189020711052414e-01 -1.645518893899444723e-02
2.369116726695209320e-03 7.104853522564233970e-01 -1.740784491437065776e-02
2.379226918232872894e-03 7.094099645202869286e-01 -1.831304743993646816e-02
2.389474254369275148e-03 7.083183326834481264e-01 -1.912515398855626700e-02
2.399818636153817301e-03 7.072429782186221425e-01 -1.983077255007333756e-02
2.410227551117923896e-03 7.061941281950133709e-01 -2.041146000870728769e-02
2.420615567390793296e-03 7.051858605758909437e-01 -2.086859811400448503e-02
2.430997926554880843e-03 7.042213663166101423e-01 -2.121500530640883092e-02
2.441324629317163410e-03 7.033008767537972661e-01 -2.146688049427195391e-02
2.451613813544658346e-03 7.024213466017424912e-01 -2.164235739684642820e-02
2.461841343261540055e-03 7.015786744498581085e-01 -2.174793471015388016e-02
2.472083280981891319e-03 7.007676583954527416e-01 -2.178446078979955763e-02
2.482368870364588549e-03 6.999963953088870205e-01 -2.176494788677579839e-02
2.492651797590385038e-03 6.992715854208495507e-01 -2.169520149427384137e-02
2.502874832763256341e-03 6.985915549101829880e-01 -2.157420149530275832e-02
2.513071461431098160e-03 6.979540553652126000e-01 -2.139457135400258878e-02
2.523138460210129844e-03 6.973603723443966285e-01 -2.115603816131274642e-02
2.533078521293874626e-03 6.967990229385727652e-01 -2.085246097292494868e-02
2.542973575021641869e-03 6.962668143788582897e-01 -2.048411579743798089e-02
2.552842466942349849e-03 6.957654144614870972e-01 -2.005172596268425464e-02
2.562554557338014155e-03 6.952897921140270832e-01 -1.955542634615694761e-02
2.572338955164034206e-03 6.948333772748624959e-01 -1.899149523478052895e-02
2.582165870640122912e-03 6.943995161370219993e-01 -1.837259465560924995e-02
2.592102413934177507e-03 6.939845741321127859e-01 -1.771661331716785012e-02
2.602109373486707292e-03 6.935884930842596274e-01 -1.704290148526783205e-02
2.612281313602816176e-03 6.932141794007402602e-01 -1.636672558301611666e-02
2.622540444878330382e-03 6.928716719423605452e-01 -1.570721165486610796e-02
2.632829025548560822e-03 6.925601547567442617e-01 -1.507413262915016650e-02
2.643218160841027693e-03 6.922777056446195454e-01 -1.447591598072042567e-02
2.653649016181255666e-03 6.920189896105622962e-01 -1.392163575701507727e-02
2.664142702329012208e-03 6.917833948083836892e-01 -1.341328489269581932e-02
2.674656029010087383e-03 6.915699332451995529e-01 -1.295261578978281446e-02
2.685136669927111475e-03 6.913696630535552945e-01 -1.253724605608334819e-02
2.695660567817627883e-03 6.911768040389235646e-01 -1.216499194600093037e-02
2.706190610741145402e-03 6.909931215889456579e-01 -1.183503895346528327e-02
2.716600413542874862e-03 6.908166533675834664e-01 -1.154021204730342788e-02
2.726970098409627671e-03 6.906432457034835659e-01 -1.127342099292258024e-02
2.737359474131252895e-03 6.904727777192333216e-01 -1.103149210607988831e-02
2.747801217167454395e-03 6.903082184127273813e-01 -1.081322513952780694e-02
2.758245080990630316e-03 6.901518488931585038e-01 -1.061713989998656384e-02
2.768687489526613834e-03 6.900046494642397832e-01 -1.044010202157375812e-02
2.779169795115507026e-03 6.898686541177375675e-01 -1.027863527346443290e-02
2.789705049693211314e-03 6.897478722959828890e-01 -1.012988104931153779e-02
2.800460369883311321e-03 6.896488987463106346e-01 -9.992187831819210331e-03
2.811459190536862423e-03 6.895798218420404746e-01 -9.864559321554750015e-03
2.822078871528634417e-03 6.895541480725735362e-01 -9.746424328038780227e-03
2.831182696410039241e-03 6.895849160317225612e-01 -9.636868749975574522e-03
2.839561385392742453e-03 6.896904594622398355e-01 -9.534969346942515425e-03
2.847573491826327005e-03 6.898935243981741960e-01 -9.439909210253120270e-03
2.855953664381111375e-03 6.902241138571114654e-01 -9.351557389064204390e-03
2.864274148148524251e-03 6.907116508795272392e-01 -9.270600846511602502e-03
2.872841712611953931e-03 6.914136372967929489e-01 -9.199742911371456069e-03
2.881555087639057957e-03 6.923671157241708674e-01 -9.140203599113327915e-03
2.890234371384409542e-03 6.936369923729529541e-01 -9.094866019667118689e-03
2.899099643101494834e-03 6.953126177502855221e-01 -9.077672306170783342e-03
2.908153117925771705e-03 6.974236769523843860e-01 -9.094910718918275058e-03
2.917478093651126609e-03 6.999548140251946604e-01 -9.159842242611205068e-03
2.927327133892551961e-03 7.027630102709249149e-01 -9.295287949372560768e-03
2.937665213672130231e-03 7.055591755154255740e-01 -9.477097048681557348e-03
2.948316166070294106e-03 7.081170881338495482e-01 -9.646440025986463898e-03
2.959149046034277846e-03 7.103445083622603740e-01 -9.766454122906997881e-03
2.970119609303897932e-03 7.122372662680803712e-01 -9.832094000509028139e-03
2.981296991549042558e-03 7.138006900784489295e-01 -9.852739980340764411e-03
2.992790852893376964e-03 7.150386223722096091e-01 -9.857028467888903286e-03
3.004740715918631337e-03 7.159607345810193868e-01 -9.876427559301074327e-03
3.017395053556734975e-03 7.165880713430407001e-01 -9.941700934711620100e-03
3.030485027643401753e-03 7.169600836384822928e-01 -1.006487629443797611e-02
3.040764360288506982e-03 7.171049999990599666e-01 -1.025751445785431232e-02
3.048682580953920862e-03 7.170452080692131247e-01 -1.053003279705296523e-02
3.056919452615214361e-03 7.167954392877043945e-01 -1.089216134970581382e-02
3.065549316685046120e-03 7.163643288709715673e-01 -1.135403028519656882e-02
3.074455759841274345e-03 7.157584417924263143e-01 -1.192856622660481633e-02
3.083854437678645952e-03 7.150059117446426749e-01 -1.261818520955525734e-02
3.093599936400713742e-03 7.141733710573656690e-01 -1.337044677878586156e-02
3.103504366126903519e-03 7.133195191613130870e-01 -1.416497630690680479e-02
3.113378746847297960e-03 7.124729052114542327e-01 -1.500077023888866240e-02
3.123141599248865658e-03 7.116070862562131616e-01 -1.587782825454348012e-02
3.132994422913145099e-03 7.106805420387634076e-01 -1.677052940420014487e-02
3.142958356139383125e-03 7.096954812069208307e-01 -1.763899266025349341e-02
3.153040991760843337e-03 7.086630392691180003e-01 -1.844808443422647423e-02
3.163223304104599738e-03 7.076074268001127932e-01 -1.917536245762241354e-02
3.173509177117088496e-03 7.065502825731726499e-01 -1.979686622785038069e-02
3.183848778520926518e-03 7.055055349636557560e-01 -2.028816884001551774e-02
3.194183726720980446e-03 7.044925256557729165e-01 -2.066311174043494389e-02
3.204493350196572360e-03 7.035172322370228937e-01 -2.093241753991214107e-02
3.214763013667596824e-03 7.025790088564016767e-01 -2.110982712688629775e-02
3.225026997881309029e-03 7.016792811314008782e-01 -2.120111956366402262e-02
3.235268198269986711e-03 7.008201153951960638e-01 -2.121593003621505963e-02
3.245534446185732464e-03 7.000028433843950015e-01 -2.116087711325286697e-02
3.255743133068276195e-03 6.992323124486725661e-01 -2.104000324902045513e-02
3.265966107569055147e-03 6.985080979296816039e-01 -2.085592754813167179e-02
3.276101106171219832e-03 6.978368886474999311e-01 -2.060118578878464973e-02
3.286098576624975516e-03 6.972119448921242357e-01 -2.027212511778563042e-02
3.296058958272641941e-03 6.966289956869174960e-01 -1.987108600694355298e-02
3.305973228245966643e-03 6.960896094251067812e-01 -1.940378078890863528e-02
3.315788273891227475e-03 6.955865040394763055e-01 -1.887100883183329483e-02
3.325668143741317834e-03 6.951171834321304699e-01 -1.827760444236958826e-02
3.335613121131484910e-03 6.946831490048265279e-01 -1.763963473430768189e-02
3.345604351812829589e-03 6.942815068365520981e-01 -1.697299639339996599e-02
3.355747199486024557e-03 6.939147585207686708e-01 -1.629220318478069585e-02
3.366009213383356225e-03 6.935902561616584805e-01 -1.562191870650790106e-02
3.376342781450499854e-03 6.933115966414618025e-01 -1.497743592405760375e-02
3.386769229707676902e-03 6.930799608935611644e-01 -1.436497130443808133e-02
3.397218729001649003e-03 6.928917400037113428e-01 -1.379409453223009834e-02
3.407714397697549861e-03 6.927393828609583748e-01 -1.326608244672173621e-02
3.418236754969549394e-03 6.926184639697917644e-01 -1.278227796259163301e-02
3.428816352283816163e-03 6.925248612449156349e-01 -1.234324477866543743e-02
3.439402167100447452e-03 6.924564979119303132e-01 -1.194801034403508884e-02
3.449994283004667074e-03 6.924104172345715291e-01 -1.159282227216369698e-02
3.460564526929914373e-03 6.923846042243674281e-01 -1.127411478115109174e-02
3.471083081396908552e-03 6.923794679373348471e-01 -1.098693127826586187e-02
3.481526610685534671e-03 6.923980141535527322e-01 -1.072689326417262945e-02
3.491825353276811501e-03 6.924452267610440304e-01 -1.049084083581995445e-02
3.501814387198034281e-03 6.925296624267311962e-01 -1.027673790141144308e-02
3.511266362344192711e-03 6.926663247160389503e-01 -1.008306014205289508e-02
3.520178266872227117e-03 6.928787581692242847e-01 -9.908181217592192808e-03
3.528772022273018831e-03 6.932033074443865184e-01 -9.750830103272366614e-03
3.537140785692655283e-03 6.936890523243656181e-01 -9.611607819987511361e-03
3.545559671025763811e-03 6.943995613998817928e-01 -9.494745540045304230e-03
3.554133998591552015e-03 6.954114510956285189e-01 -9.407048494607774328e-03
3.562870296250664291e-03 6.967830130304225600e-01 -9.350975021019227243e-03
3.571825765447412312e-03 6.985626559523095969e-01 -9.336395243630127294e-03
3.581140443055758765e-03 7.007375232939114795e-01 -9.382080032557577401e-03
3.591002030657455997e-03 7.031456988778446160e-01 -9.501739294889620033e-03
3.601313030859790501e-03 7.055433628653169364e-01 -9.664258551592832397e-03
3.611959105914796121e-03 7.077437921126323861e-01 -9.826374844455549457e-03
3.622825226240166882e-03 7.096607918786727032e-01 -9.954749343949090279e-03
3.633807183165871976e-03 7.112820800035031255e-01 -1.004672725944223168e-02
3.644982681971640354e-03 7.126147880015225589e-01 -1.010831561880359657e-02
3.656329346856829112e-03 7.136741249964677625e-01 -1.015832153931279201e-02
3.667891192263033999e-03 7.144928489813271444e-01 -1.021334228623680014e-02
3.679673671431395784e-03 7.150971082206848406e-01 -1.028781874219270726e-02
3.691541122809511265e-03 7.155197841942243508e-01 -1.039630227628605789e-02
3.703298107955008047e-03 7.157928146564305205e-01 -1.054484691189708570e-02
3.713570349444896869e-03 7.159283522246975284e-01 -1.073896488976385129e-02
3.722107840272867452e-03 7.159274839021064762e-01 -1.099122190863015269e-02
3.730387846639163230e-03 7.157814203959259602e-01 -1.131825657519840676e-02
3.738837175964351226e-03 7.154747211372085580e-01 -1.173902190608516055e-02
3.747638151043954004e-03 7.149910067037648087e-01 -1.226851491760056964e-02
3.756958109490308659e-03 7.143517440058527734e-01 -1.289118859507451531e-02
3.766621323022986342e-03 7.136214446719075788e-01 -1.357850193182772586e-02
3.776399584229741570e-03 7.128580841613153529e-01 -1.431792112491378499e-02
3.786136940311734568e-03 7.120766988257601904e-01 -1.511213311361180728e-02
3.795887509069675262e-03 7.112539191972868657e-01 -1.595371619553042145e-02
3.805720709980330886e-03 7.103650527291769379e-01 -1.680530669255884610e-02
3.815669695224614254e-03 7.094129597084698480e-01 -1.763418100397409760e-02
3.825718886907552262e-03 7.084084285881161458e-01 -1.840835435983574284e-02
3.835872010851346884e-03 7.073724647702320789e-01 -1.910535594398150502e-02
3.846130789748044860e-03 7.063269165351985235e-01 -1.969514747345571526e-02
3.856431147422653086e-03 7.052872867928569045e-01 -2.015576832134844190e-02
3.866754061242565297e-03 7.042752352014475248e-01 -2.050255967929350345e-02
3.877030784029433883e-03 7.032986612321524555e-01 -2.074511764595273616e-02
3.887305427020857230e-03 7.023549775314316124e-01 -2.089029291825338433e-02
3.897569944309472664e-03 7.014523132447891829e-01 -2.094703753603082558e-02
3.907793584327470642e-03 7.005928583009235489e-01 -2.092925223998435766e-02
3.918020658470740096e-03 6.997778871052368066e-01 -2.083717150873696730e-02
3.928211233240332459e-03 6.990079848611703284e-01 -2.067416501220069661e-02
3.938375802357973500e-03 6.982888875861505973e-01 -2.043919209986002836e-02
3.948419728023505951e-03 6.976236837635598764e-01 -2.012471125096028379e-02
3.958423965537609911e-03 6.970054612677459849e-01 -1.973465119186148045e-02
3.968398602854925419e-03 6.964376278878123827e-01 -1.927444565220404887e-02
3.978268071632064945e-03 6.959163780966476365e-01 -1.874958631700019210e-02
3.988169422589167394e-03 6.954345243210426908e-01 -1.816392899423542248e-02
3.998144057048266635e-03 6.949937356553297363e-01 -1.753376618837822545e-02
4.008142992615695496e-03 6.945936980103269986e-01 -1.687360000944658836e-02
4.018275371109851155e-03 6.942357422805096601e-01 -1.619603538623549249e-02
4.028533429335232237e-03 6.939255099945959016e-01 -1.552540430532047336e-02
4.038921115856765158e-03 6.936665341638978965e-01 -1.487982543105782589e-02
4.049348064427075143e-03 6.934641644506668312e-01 -1.426831688027532449e-02
4.059802740727967187e-03 6.933114189361249124e-01 -1.369718398370905858e-02
4.070258590763325621e-03 6.932016161257622544e-01 -1.316666874767640806e-02
4.080760150058792765e-03 6.931310055425867755e-01 -1.267793788182385549e-02
4.091294403934011767e-03 6.930955279202569708e-01 -1.223226552290343667e-02
4.101823375214364020e-03 6.930933806924574059e-01 -1.182933854380491603e-02
4.112323333342824024e-03 6.931230527165751498e-01 -1.146635644365885838e-02
4.122746147947806833e-03 6.931835881595261872e-01 -1.114033845599942014e-02
4.133003769210770277e-03 6.932775231633820923e-01 -1.084723245103000160e-02
4.143007701617374208e-03 6.934112310609252816e-01 -1.058269683698131840e-02
4.152665095037527156e-03 6.935958402621319463e-01 -1.034352111056466468e-02
4.161892688972591153e-03 6.938516227890557664e-01 -1.012837252571215270e-02
4.170752234581997717e-03 6.942123759071162636e-01 -9.938185867011523761e-03
4.179354923493349208e-03 6.947264198758271725e-01 -9.775481533507105608e-03
4.187872793338580195e-03 6.954519184854702774e-01 -9.641910985104813758e-03
4.196515192568761772e-03 6.964613787667920386e-01 -9.539274740570698879e-03
4.205259528819170999e-03 6.978250600671340731e-01 -9.475113115921121945e-03
4.214293281575638705e-03 6.995813961769857814e-01 -9.463173206538343790e-03
4.223821567594177387e-03 7.016657780603365868e-01 -9.524246633986720861e-03
4.233794052547407323e-03 7.038948703728593603e-01 -9.649791962538699364e-03
4.244188310451872843e-03 7.060650173411638919e-01 -9.807570495707511327e-03
4.254893464953821147e-03 7.080283305778801717e-01 -9.961335349719498133e-03
4.265789208124495802e-03 7.097269864670354700e-01 -1.008526842347051526e-02
4.276799085945280805e-03 7.111500393473451087e-01 -1.018311127726282371e-02
4.287979250148767074e-03 7.123165856757209813e-01 -1.025922735212274513e-02
4.299354585391259795e-03 7.132459202690792921e-01 -1.032966749806028123e-02
4.310749569375927487e-03 7.139672821652396362e-01 -1.040681849028102408e-02
4.322332729672753553e-03 7.145143286464871180e-01 -1.050187737066202512e-02
4.333830689288618691e-03 7.149137155419330591e-01 -1.062433438442523907e-02
4.345147974239556808e-03 7.151884847844620641e-01 -1.078290120874473776e-02
4.355529053820065936e-03 7.153438088343027079e-01 -1.098587371932190949e-02
4.364355142217089117e-03 7.153712320005065628e-01 -1.124367108557910826e-02
4.372677459746771196e-03 7.152562715008655703e-01 -1.157459970799359222e-02
4.381132598137048827e-03 7.149772301402406161e-01 -1.199660907415738519e-02
4.389999499392933588e-03 7.145202205280657415e-01 -1.251515309993872158e-02
4.399328413198563131e-03 7.139186839799906981e-01 -1.311522322214610757e-02
4.408944677059141101e-03 7.132337114146809487e-01 -1.378000094357061979e-02
4.418639980115082223e-03 7.125102413371841026e-01 -1.450417615986420231e-02
4.428325645353468898e-03 7.117530955510589230e-01 -1.528977498728413369e-02
4.438092510643028114e-03 7.109430475446747444e-01 -1.611765541312580943e-02
4.447929658497884464e-03 7.100619324815159450e-01 -1.694742794397568683e-02
4.457876042943472936e-03 7.091167810145767580e-01 -1.775060239843717289e-02
4.467927199693174332e-03 7.081181645468114239e-01 -1.849660202476993004e-02
4.478094032824251301e-03 7.070892229892813408e-01 -1.916376507980452337e-02
4.488345912731938128e-03 7.060495468546944542e-01 -1.971605148104301625e-02
4.498631103116182590e-03 7.050170637597421575e-01 -2.014236082207182185e-02
4.508935473642088597e-03 7.040129191983568457e-01 -2.045817811849107853e-02
4.519178450597920518e-03 7.030410899345268527e-01 -2.066975108107576078e-02
4.529462303030109410e-03 7.021029849229275532e-01 -2.078255228539275384e-02
4.539728376314093421e-03 7.012084704961820680e-01 -2.081130436114873861e-02
4.549957497261590718e-03 7.003572105581391538e-01 -2.076449041531994166e-02
4.560148452197774864e-03 6.995509442273584177e-01 -2.064254217004603958e-02
4.570340926836476483e-03 6.987907664817760711e-01 -2.044650584256132303e-02
4.580469982459251313e-03 6.980851286767555397e-01 -2.017163700088864600e-02
4.590493674413960619e-03 6.974319260676095089e-01 -1.981556037965178513e-02
4.600502996920288745e-03 6.968294447475800180e-01 -1.938552328515668124e-02
4.610439345571029288e-03 6.962811763198599735e-01 -1.888815864487666807e-02
4.620332975282782917e-03 6.957783876184502336e-01 -1.832768974192019659e-02
4.630300191618889546e-03 6.953183228968713436e-01 -1.771583839031915658e-02
4.640294486998858443e-03 6.949031924827651086e-01 -1.707019192809717742e-02
4.650363231729141324e-03 6.945329626615421859e-01 -1.640017291002643027e-02
4.660589175365700831e-03 6.942116957585593440e-01 -1.572611243298487060e-02
4.670939193771142181e-03 6.939429288728348189e-01 -1.506928948786519055e-02
4.681357078191198014e-03 6.937330984000761314e-01 -1.444497248701246024e-02
4.691797166630493413e-03 6.935801518272664001e-01 -1.385874062078713137e-02
4.702229986178774537e-03 6.934755554612521689e-01 -1.331295052401438792e-02
4.712707678540904027e-03 6.934150413402198065e-01 -1.280689916166090347e-02
4.723195694745284216e-03 6.933961952183194111e-01 -1.234339551328751498e-02
4.733681607292240801e-03 6.934156994121616346e-01 -1.192230030735056019e-02
4.744114163944307579e-03 6.934735786003283220e-01 -1.154246163558283154e-02
4.754440208560092342e-03 6.935692283143300996e-01 -1.120071568020819704e-02
4.764581464351086600e-03 6.937050081549116509e-01 -1.089349325923928864e-02
4.774453237571892397e-03 6.938873142339700983e-01 -1.061681092209731427e-02
4.783988749141369901e-03 6.941289846906030236e-01 -1.036827791947325487e-02
4.793158110133642277e-03 6.944528325624643728e-01 -1.014820849287800635e-02
4.802006555454287756e-03 6.948944686001850002e-01 -9.957707494015291885e-03
4.810643718680204621e-03 6.955042291300372881e-01 -9.797212366078521251e-03
4.819211948339523557e-03 6.963457549632179333e-01 -9.667429810795827999e-03
4.827922119504770779e-03 6.975011379702175107e-01 -9.575208524879242483e-03
4.836840319339895042e-03 6.990104838167866541e-01 -9.531666940926459414e-03
4.846113745692302160e-03 7.008706664147934529e-01 -9.553660450775266350e-03
4.855872324850102340e-03 7.029579316027678715e-01 -9.648116982745922818e-03
4.866080003300943778e-03 7.050738836775566343e-01 -9.790004616763853251e-03
4.876684079413880907e-03 7.070518330059456513e-01 -9.948355348259675310e-03
4.887487676167456482e-03 7.087957163323294063e-01 -1.008807984082340375e-02
4.898417696467548960e-03 7.102778539462712981e-01 -1.020169673198185675e-02
4.909532313010631609e-03 7.115093151113761616e-01 -1.029650849886564780e-02
4.920683193705955270e-03 7.125025851972233149e-01 -1.037751637559867351e-02
4.931991834552762986e-03 7.132944177236050232e-01 -1.046057554098492326e-02
4.943379871583167967e-03 7.139086502194426087e-01 -1.055506544823104839e-02
4.954778757621842826e-03 7.143757731727099491e-01 -1.066945111084479682e-02
4.966091336763726882e-03 7.147196757533739175e-01 -1.081254382247086657e-02
4.977037925112557867e-03 7.149513540897861619e-01 -1.099351975427795627e-02
4.986841385162641034e-03 7.150662864720001011e-01 -1.122279764048555312e-02
4.995422116201814026e-03 7.150489837759125278e-01 -1.151242148254645603e-02
5.003787955728299444e-03 7.148798959200965975e-01 -1.188099987952895807e-02
5.012428407789583547e-03 7.145373538638535305e-01 -1.233973193551340074e-02
5.021533996588844334e-03 7.140312608384954407e-01 -1.288380969897673194e-02
5.030992037374938837e-03 7.134124656806781761e-01 -1.350014061588412570e-02
5.040632554591167880e-03 7.127313537152879519e-01 -1.418133994988448818e-02
5.050280064315005452e-03 7.120114046505187089e-01 -1.492737989670290047e-02
5.059990653272631624e-03 7.112435822892071435e-01 -1.573027703813546091e-02
5.069763320112195132e-03 7.104096942784651203e-01 -1.655179258312080084e-02
5.079660239304413689e-03 7.095030732705561727e-01 -1.736154081408689334e-02
5.089637129472857936e-03 7.085361279387304423e-01 -1.812869543737776618e-02
5.099724654587456212e-03 7.075255255752795902e-01 -1.882815908205523123e-02
5.109949387732203897e-03 7.064937039811918229e-01 -1.943169586287137041e-02
5.120209746763308006e-03 7.054583101421215696e-01 -1.990837282446099657e-02
5.130515964535927245e-03 7.044406668671250316e-01 -2.026931866777305358e-02
5.140782187141870567e-03 7.034544469871886196e-01 -2.052273690248057961e-02
5.151051537111277570e-03 7.024982385697826626e-01 -2.067331721088097249e-02
5.161328763112213794e-03 7.015829372350430582e-01 -2.073121318273249414e-02
5.171550664141199086e-03 7.007124630432345347e-01 -2.071297571112507008e-02
5.181759417480691701e-03 6.998850867072864412e-01 -2.061744809669805237e-02
5.191942473590179831e-03 6.991028206118968802e-01 -2.044652148053484331e-02
5.202099594767073225e-03 6.983725475780447889e-01 -2.019707849601141275e-02
5.212137064993319253e-03 6.976979615016313252e-01 -1.986424770521703562e-02
5.222158257571242294e-03 6.970742269106929845e-01 -1.945421218753458706e-02
5.232150077137567683e-03 6.965068240245934073e-01 -1.897423393378103521e-02
5.242050490724336868e-03 6.959901596930987422e-01 -1.843049513603325570e-02
5.252003230951744588e-03 6.955178367466506861e-01 -1.783148537732763550e-02
5.262009097177902661e-03 6.950917321715123220e-01 -1.719524336221070829e-02
5.272054135305347632e-03 6.947124944263557422e-01 -1.653213216154331838e-02
5.282249152569025268e-03 6.943828262813941388e-01 -1.585846996063462744e-02
5.292552074763717633e-03 6.941074354323627515e-01 -1.519666090456669831e-02
5.302973340555895004e-03 6.938898397457329281e-01 -1.456409094855088543e-02
5.313408602924010564e-03 6.937338484146072792e-01 -1.396894504598445580e-02
5.323846705007431040e-03 6.936295167627922753e-01 -1.341359800937324924e-02
5.334295319873122096e-03 6.935721382001152069e-01 -1.289768981279774615e-02
5.344771129365965753e-03 6.935600279508280508e-01 -1.242372167864804269e-02
5.355226033773778302e-03 6.935896220849382399e-01 -1.199221048399848680e-02
5.365624416959360529e-03 6.936604455211220488e-01 -1.160196962372242284e-02
5.375908576808661153e-03 6.937726270938263662e-01 -1.125050582128517621e-02
5.386011870983980696e-03 6.939284770504375865e-01 -1.093489841970299650e-02
5.395848661465127427e-03 6.941340787247012312e-01 -1.065179739032761676e-02
5.405355293052833444e-03 6.944020955395429073e-01 -1.039892406838980113e-02
5.414510019408094905e-03 6.947552809651676986e-01 -1.017618674687383040e-02
5.423362338364293329e-03 6.952292278319577301e-01 -9.983949569409599975e-03
5.432016037509095237e-03 6.958747463846878256e-01 -9.822387571304373732e-03
5.440627343254868936e-03 6.967586129089083924e-01 -9.692854725884278780e-03
5.449388889919448350e-03 6.979588214246744693e-01 -9.606295504168037985e-03
5.458370804629747962e-03 6.995100702266856540e-01 -9.571118857336972235e-03
5.467770874026686365e-03 7.013843266285775258e-01 -9.607924521337494334e-03
5.477655083818168229e-03 7.034339217194112148e-01 -9.711671286212615953e-03
5.487934383739082912e-03 7.054741666161581382e-01 -9.856285274299622298e-03
5.498557458584027793e-03 7.073551635440943341e-01 -1.001211565783323085e-02
5.509403659318634801e-03 7.090014930620397449e-01 -1.014718536290258773e-02
5.520368525602402203e-03 7.103969275656153437e-01 -1.026026129447106354e-02
5.531486641004502471e-03 7.115475936556759917e-01 -1.035680270964477526e-02
5.542640802652213511e-03 7.124795172971408741e-01 -1.044308045990158772e-02
5.553972776712613399e-03 7.132207028767462154e-01 -1.053360063716124451e-02
5.565268923679871256e-03 7.137989033050121668e-01 -1.063640878872879232e-02
5.576611065591224707e-03 7.142415613880556124e-01 -1.075946223706034099e-02
5.587832387473853392e-03 7.145696899474549557e-01 -1.091087937232442309e-02
5.598635174166310090e-03 7.147895860252114764e-01 -1.110047219770001967e-02
5.608294686035473868e-03 7.148933907066770121e-01 -1.133956523858520478e-02
5.616855316680582390e-03 7.148629489478638410e-01 -1.164004712027728178e-02
5.625262241431270606e-03 7.146772790949835752e-01 -1.201936388876322440e-02
5.633992319942030327e-03 7.143186798696107287e-01 -1.248548307717333751e-02
5.643160917072096577e-03 7.138075274804220882e-01 -1.303255664323181053e-02
5.652622236812924680e-03 7.131931956591647248e-01 -1.365086722944118536e-02
5.662238124699184132e-03 7.125199528018529849e-01 -1.433666868337464366e-02
5.671876134397996379e-03 7.118029436267068188e-01 -1.508974516854948850e-02
5.681610937861338202e-03 7.110322217765349118e-01 -1.589400783576369949e-02
5.691390219835164993e-03 7.101904797534681624e-01 -1.670859685082160678e-02
5.701302560752077690e-03 7.092774021680006147e-01 -1.750635640671667839e-02
5.711305191689635373e-03 7.083045085148890196e-01 -1.825645984284219453e-02
5.721416484891181028e-03 7.072921325881093013e-01 -1.893543108039953682e-02
5.731649078213369927e-03 7.062611421400630807e-01 -1.951024714572407309e-02
5.741905849589962890e-03 7.052294032819154124e-01 -1.995837489081952673e-02
5.752207486400595648e-03 7.042187308251574018e-01 -2.029421880238792969e-02
5.762452329605616611e-03 7.032384612602063934e-01 -2.052264153665372612e-02
5.772733216391582982e-03 7.022893931073297402e-01 -2.064884803982671227e-02
5.783009989284136794e-03 7.013834930717325333e-01 -2.068639537113346749e-02
5.793228039886208144e-03 7.005217409125970018e-01 -2.064812295986531709e-02
5.803419272342331611e-03 6.997034510349989800e-01 -2.053252235347830662e-02
5.813601508648025447e-03 6.989312270434736574e-01 -2.034018212144509535e-02
5.823738540922528302e-03 6.982137002671139347e-01 -2.006636511878519963e-02
5.833769724183634001e-03 6.975508160093375487e-01 -1.970904840336706182e-02
5.843792404609892896e-03 6.969407456093620334e-01 -1.927644091819212882e-02
5.853748388866584530e-03 6.963882900006336252e-01 -1.877609268213647695e-02
5.863663482617296682e-03 6.958848527995623590e-01 -1.821345526461421935e-02
5.873650603528375938e-03 6.954269747057645334e-01 -1.760141557557428488e-02
5.883657296657608671e-03 6.950169194936763883e-01 -1.695702385423575667e-02
5.893746341616161628e-03 6.946554920375469511e-01 -1.628912102857385524e-02
5.903978945123635434e-03 6.943465698973514399e-01 -1.561846627269319367e-02
5.914335346127130161e-03 6.940935502233691601e-01 -1.496508892914703848e-02
5.924768238388340713e-03 6.939018709312402278e-01 -1.434485058893395990e-02
5.935195860371699113e-03 6.937702295343374237e-01 -1.376328780596220401e-02
5.945624541818006308e-03 6.936893258302412324e-01 -1.322132781217401354e-02
5.956083393719574341e-03 6.936561676227107620e-01 -1.271907394073811155e-02
5.966540753818400274e-03 6.936688072266734562e-01 -1.225956858275492611e-02
5.976957207790010648e-03 6.937245305384398542e-01 -1.184209552741348134e-02
5.987284437832248590e-03 6.938231592707597706e-01 -1.146488535754201961e-02
5.997469062053043323e-03 6.939657346906217272e-01 -1.112552832110987218e-02
6.007434679317321877e-03 6.941563648862882907e-01 -1.082147589232325055e-02
6.017118839619522465e-03 6.944033448909060491e-01 -1.054979388784800867e-02
6.026456703155337255e-03 6.947234404105917527e-01 -1.030905309899954325e-02
6.035464410921416618e-03 6.951451942597909328e-01 -1.009927467318135451e-02
6.044265673620826708e-03 6.957113392615292824e-01 -9.920507056441641575e-03
6.052932875164726730e-03 6.964829366154496881e-01 -9.773064450901454772e-03
6.061606961056396556e-03 6.975296981254193174e-01 -9.664438226870996837e-03
6.070478582147386531e-03 6.989126159852936393e-01 -9.604522614415567788e-03
6.079687275728822872e-03 7.006374527954165599e-01 -9.607833351341323741e-03
6.089371071227000533e-03 7.026014636862729645e-01 -9.684398909072560596e-03
6.099480766815680403e-03 7.046295166191106629e-01 -9.813678459416105143e-03
6.109984909605596301e-03 7.065586939150281243e-01 -9.968331786426261332e-03
6.120748921731393975e-03 7.082802267059601364e-01 -1.011418407084689955e-02
6.131645555946627080e-03 7.097568716201282379e-01 -1.023662836239985253e-02
6.142722332238114390e-03 7.109898030347994169e-01 -1.034285977180045106e-02
6.153865194963662952e-03 7.119965869259595737e-01 -1.043560330447295716e-02
6.165127845196916208e-03 7.128060554250960079e-01 -1.052634216783558847e-02
6.176379874296738376e-03 7.134445086831351368e-01 -1.062606650213436706e-02
6.187709585133370147e-03 7.139417625096208253e-01 -1.074268212076021252e-02
6.198916873147837514e-03 7.143187363478610274e-01 -1.088235312533558305e-02
6.209971780885300760e-03 7.145895788719626163e-01 -1.105500117630223156e-02
6.220237484014148194e-03 7.147512904313245707e-01 -1.127128465961976106e-02
6.229233449247108083e-03 7.147884891697694476e-01 -1.154245184821402898e-02
6.237640670569755130e-03 7.146805516411636194e-01 -1.188314781147160534e-02
6.246201418770551059e-03 7.144063385498579111e-01 -1.230689587090339973e-02
6.255182655854793841e-03 7.139673714418907080e-01 -1.281356340998778681e-02
6.264519477032179894e-03 7.134039873462165726e-01 -1.339521249367284922e-02
6.274075835534653235e-03 7.127626039294779892e-01 -1.404729372331169415e-02
6.283675180097133238e-03 7.120726850090720594e-01 -1.476809857845370194e-02
6.293350026076266653e-03 7.113325714231271135e-01 -1.555165486109509089e-02
6.303109295379662018e-03 7.105277882933613842e-01 -1.636180840563267527e-02
6.312967720033748828e-03 7.096467743588453780e-01 -1.716690181466207221e-02
6.322907288389018401e-03 7.087014925025904022e-01 -1.793721288023488597e-02
6.332966190417104596e-03 7.077053665469981159e-01 -1.864583865915293848e-02
6.343160857927230591e-03 7.066818115822012247e-01 -1.926713753092185177e-02
6.353405988069725334e-03 7.056496160413071594e-01 -1.976561013020589758e-02
6.363696810783655775e-03 7.046282872528046859e-01 -2.014539253107569886e-02
6.373965407054777571e-03 7.036359308452893035e-01 -2.041643755162741297e-02
6.384222778778835851e-03 7.026720429106976251e-01 -2.058209796702730257e-02
6.394496289616954932e-03 7.017473342504481071e-01 -2.065180878437980483e-02
6.404724059260798186e-03 7.008681079799836677e-01 -2.064329509936739179e-02
6.414929722567085796e-03 7.000313235542067192e-01 -2.055716690567217092e-02
6.425111875115153796e-03 6.992390108317841912e-01 -2.039420372269517764e-02
6.435277901101528995e-03 6.984980868775519935e-01 -2.015120950741221620e-02
6.445327367591145717e-03 6.978141137769849900e-01 -1.982367713725610714e-02
6.455353554474764326e-03 6.971822745328914994e-01 -1.941710292060509074e-02
6.465364966291833361e-03 6.966080289681017002e-01 -1.893970613525152585e-02
6.475280092513513268e-03 6.960875264405594898e-01 -1.839857902095308820e-02
6.485239273508230234e-03 6.956133181858249470e-01 -1.780226793994427181e-02
6.495252849655225487e-03 6.951869166472203210e-01 -1.716866390158049149e-02
6.505301931636826504e-03 6.948093173627190033e-01 -1.650815402533692064e-02
6.515494238911928582e-03 6.944832283755284497e-01 -1.583654940437503184e-02
6.525791714609352999e-03 6.942133753040083954e-01 -1.517574228776252983e-02
6.536214616570732230e-03 6.940023533700626635e-01 -1.454332991637112549e-02
6.546650832746292274e-03 6.938550163275964966e-01 -1.394854455431887748e-02
6.557084816446010975e-03 6.937614798298548102e-01 -1.339311917254422217e-02
6.567520744362902348e-03 6.937172210735751410e-01 -1.287719427875983966e-02
6.577982003001746868e-03 6.937206721777147145e-01 -1.240302256183415698e-02
6.588401419839333244e-03 6.937688629320951650e-01 -1.197149046699054822e-02
6.598742285059008839e-03 6.938609557065440470e-01 -1.158079653417058187e-02
6.608957036236019766e-03 6.939975485232626751e-01 -1.122868799624629314e-02
6.618974448895731909e-03 6.941820052821060516e-01 -1.091308379844391045e-02
6.628721540167970862e-03 6.944211581912839160e-01 -1.063122809381829119e-02
6.638145087896637694e-03 6.947290808341051171e-01 -1.038107758494680004e-02
6.647250121015847897e-03 6.951308976556641595e-01 -1.016225941426535627e-02
6.656088726219895960e-03 6.956654051556020457e-01 -9.974738665242666863e-03
6.664748890471996340e-03 6.963877152810340476e-01 -9.818376599261893767e-03
6.673432849037510411e-03 6.973682863751142769e-01 -9.699586128939556573e-03
6.682264802840591142e-03 6.986707554828561761e-01 -9.628318814029439635e-03
6.691394510897892382e-03 7.003164242784645221e-01 -9.616239954321091285e-03
6.700998222559330884e-03 7.022257113383527649e-01 -9.678874509166691953e-03
6.711023699888296612e-03 7.042324831310500244e-01 -9.798777066488427445e-03
6.721467409441302110e-03 7.061721670831558884e-01 -9.949505969244706177e-03
6.732181669004140556e-03 7.079219704202571739e-01 -1.009963991400993598e-02
6.743046695746003280e-03 7.094331812370217039e-01 -1.022688759747199597e-02
6.754099055473199338e-03 7.107023633112821148e-01 -1.033785416617138964e-02
6.765212095007108566e-03 7.117435601362125386e-01 -1.043479748335194093e-02
6.776428704085360466e-03 7.125840587400336101e-01 -1.052691353651141748e-02
6.787660316163409736e-03 7.132513418290603591e-01 -1.062632384738965326e-02
6.798955508442076391e-03 7.137744318976029234e-01 -1.074046417460132810e-02
6.810175613699160843e-03 7.141750829087848418e-01 -1.087603699986709922e-02
6.821278449854592876e-03 7.144695834817318403e-01 -1.104177934265677258e-02
6.831790349199332556e-03 7.146578049395082566e-01 -1.124798504113939945e-02
6.841075402439771892e-03 7.147265619127713965e-01 -1.150652062029754522e-02
6.849542194148639136e-03 7.146549997302023005e-01 -1.182992192494936035e-02
6.858051157624320271e-03 7.144216688689811745e-01 -1.223328812020864527e-02
6.866939045097643357e-03 7.140212988885387135e-01 -1.271936985891300269e-02
6.876205821526393605e-03 7.134873428688435215e-01 -1.328201072254335188e-02
6.885714081895102055e-03 7.128654654541960456e-01 -1.391651622197697530e-02
6.895297340905657754e-03 7.121901365308153098e-01 -1.462088782166984756e-02
6.904949764029963931e-03 7.114648638527439894e-01 -1.539176156595841241e-02
6.914708187992595761e-03 7.106775554290453156e-01 -1.619769126389293545e-02
6.924537641435811290e-03 7.098138099577959714e-01 -1.700353909792469420e-02
6.934461281909892402e-03 7.088830130618770653e-01 -1.778106917045651006e-02
6.944503216204466964e-03 7.078966115377889334e-01 -1.850197400760189223e-02
6.954670138139888019e-03 7.068783623609374844e-01 -1.914231679382501564e-02
6.964908892145687744e-03 7.058475944786568590e-01 -1.966500069037573073e-02
6.975180430724264510e-03 7.048227783336746821e-01 -2.006573491665298789e-02
6.985458116339606296e-03 7.038246353576330661e-01 -2.035713602310413456e-02
6.995700576473518756e-03 7.028546720151210847e-01 -2.054180262369652288e-02
7.005965899544219777e-03 7.019213793460004069e-01 -2.062778948714654934e-02
7.016207478317699683e-03 7.010334435168477096e-01 -2.063269772749406344e-02
7.026418257914163537e-03 7.001881268363469024e-01 -2.056045441639189203e-02
7.036600682413250533e-03 6.993866867858509195e-01 -2.041101533843345944e-02
7.046774462411130660e-03 6.986350348523105991e-01 -2.018202020086421605e-02
7.056847435423054156e-03 6.979406620045214282e-01 -1.986848641904132018e-02
7.066876935249125254e-03 6.972990090529747054e-01 -1.947401451939159353e-02
7.076897642052069892e-03 6.967142181268654033e-01 -1.900733535226981075e-02
7.086818642619367378e-03 6.961854005940443235e-01 -1.847619048402068462e-02
7.096767321490009446e-03 6.957038250495174436e-01 -1.788774667658489179e-02
7.106785885084733814e-03 6.952700216670290034e-01 -1.725936026761497322e-02
7.116821852031167579e-03 6.948852997454917357e-01 -1.660298961081999036e-02
7.126990837225738971e-03 6.945519726639390878e-01 -1.593202585561974416e-02
7.137268941367303117e-03 6.942748185531496530e-01 -1.526882843335196534e-02
7.147679899952909602e-03 6.940558871661259843e-01 -1.463132990898372530e-02
7.158120450745202902e-03 6.939013255247893364e-01 -1.403072689654976356e-02
7.168549882342596311e-03 6.938026084313503317e-01 -1.346943978711319725e-02
7.178974669409032838e-03 6.937540341580533676e-01 -1.294759648310151411e-02
7.189434538361657093e-03 6.937540078682827849e-01 -1.246692995107714919e-02
7.199854749984975488e-03 6.937997655302978739e-01 -1.202913470441544473e-02
7.210197873623086853e-03 6.938900524830280414e-01 -1.163245482934523005e-02
7.220420079338369171e-03 6.940253236724857056e-01 -1.127463447557890130e-02
7.230454265018292775e-03 6.942086810502072769e-01 -1.095376790608784852e-02
7.240225833239186289e-03 6.944464372493445170e-01 -1.066732132499441203e-02
7.249676658964082990e-03 6.947516421720689728e-01 -1.041305368778461943e-02
7.258802544246864552e-03 6.951481288622213262e-01 -1.019038654648758702e-02
7.267653720486971954e-03 6.956729883837692308e-01 -9.999198980857600810e-03
7.276325242946382783e-03 6.963795208098852996e-01 -9.839201310800210765e-03
7.285037366948053823e-03 6.973382221246642310e-01 -9.716754972914912886e-03
7.293854910420318784e-03 6.986108856397761357e-01 -9.641379499868256431e-03
7.302962173420104314e-03 7.002254688178818354e-01 -9.624151139659954668e-03
7.312540244205460727e-03 7.021095672036867796e-01 -9.681716465853596951e-03
7.322534877237095799e-03 7.041015518878792623e-01 -9.797864737886343919e-03
7.332954976648835624e-03 7.060377510428517134e-01 -9.946661255827889125e-03
7.343653941542275035e-03 7.077915199233526522e-01 -1.009792865564093818e-02
7.354508047190822483e-03 7.093101076218354395e-01 -1.022707937593149256e-02
7.365543770129594214e-03 7.105879562809691574e-01 -1.033991888619194971e-02
7.376648337459027274e-03 7.116385158039291170e-01 -1.043892005424284022e-02
7.387848239580056993e-03 7.124875550796969659e-01 -1.053221915439094339e-02
7.399072144756587387e-03 7.131640022855132433e-01 -1.063221543048404119e-02
7.410342365444970610e-03 7.136954516725139142e-01 -1.074612464172110260e-02
7.421564910051086858e-03 7.141044620247163355e-01 -1.088087057194142386e-02
7.432668461298724827e-03 7.144073226568261603e-01 -1.104459836194259838e-02
7.443258744444157700e-03 7.146051534534038074e-01 -1.124753227343314003e-02
7.452657127403735683e-03 7.146854201053267630e-01 -1.150178474342050325e-02
7.461163528192238902e-03 7.146271782360554825e-01 -1.181928730976458675e-02
7.469655312694233745e-03 7.144090326315701844e-01 -1.221508639680888263e-02
7.478512925808824229e-03 7.140240048612223056e-01 -1.269305581887387319e-02
7.487750522323936321e-03 7.135027208897098960e-01 -1.324796476307188269e-02
7.497235480588852231e-03 7.128899542786755195e-01 -1.387542677869053713e-02
7.506809347457990902e-03 7.122212299209793596e-01 -1.457353118701333605e-02
7.516453575653275244e-03 7.115020095433399749e-01 -1.533932406446062748e-02
7.526210205751263441e-03 7.107213023462783941e-01 -1.614286750393531880e-02
7.536027401834548972e-03 7.098642397336728527e-01 -1.694801747865434804e-02
7.545946901236977832e-03 7.089389408208324195e-01 -1.772708072724194991e-02
7.555982178797202020e-03 7.079565720189301414e-01 -1.845136902335780399e-02
7.566137746710124845e-03 7.069407241762331040e-01 -1.909715832528945459e-02
7.576374441606381106e-03 7.059109245214707506e-01 -1.962742124260794668e-02
7.586639635997753650e-03 7.048854062836901191e-01 -2.003486868574418100e-02
7.596920290543709813e-03 7.038854359971606911e-01 -2.033272683388601815e-02
7.607157996220875566e-03 7.029135585627855898e-01 -2.052333973107765136e-02
7.617421657931337971e-03 7.019775215359538301e-01 -2.061444137321865808e-02
7.627668819699317745e-03 7.010866839145304397e-01 -2.062336138922121406e-02
7.637879680852466616e-03 7.002386236718111112e-01 -2.055530083110844106e-02
7.648062301299951744e-03 6.994342093747171196e-01 -2.040982831214434648e-02
7.658237616920488683e-03 6.986791460822484590e-01 -2.018477828778419969e-02
7.668317935997408935e-03 6.979814138880017227e-01 -1.987512277430228749e-02
7.678348705835177403e-03 6.973367614553819260e-01 -1.948393109049409433e-02
7.688371948256198657e-03 6.967488289206682506e-01 -1.902011730370378392e-02
7.698296728660750099e-03 6.962175839264713728e-01 -1.849159847250442246e-02
7.708244059289792206e-03 6.957340574817201251e-01 -1.790534495319581754e-02
7.718264190003859722e-03 6.952984310873732143e-01 -1.727847242227008653e-02
7.728297753786229039e-03 6.949121312702413178e-01 -1.662338526362372101e-02
7.738460090310454384e-03 6.945773856255266221e-01 -1.595288405818470756e-02
7.748734009728698059e-03 6.942989031748341144e-01 -1.528932907025586097e-02
7.759140299395867781e-03 6.940787115328040935e-01 -1.465070950380163717e-02
7.769582083312616926e-03 6.939230226057818696e-01 -1.404874712750724119e-02
7.780009250645300578e-03 6.938239518723611221e-01 -1.348609688596536134e-02
7.790432630112602633e-03 6.937754218188220134e-01 -1.296285106539106502e-02
7.800890218495012442e-03 6.937758532076493401e-01 -1.248063462368892949e-02
7.811308425121504286e-03 6.938225591704253459e-01 -1.204136448743023217e-02
7.821647840105711708e-03 6.939141858479584979e-01 -1.164327010789186975e-02
7.831865655429003092e-03 6.940511842887137073e-01 -1.128408759083280623e-02
7.841896438177051176e-03 6.942366642573150060e-01 -1.096198194189202182e-02
7.851666897791473310e-03 6.944768976930971727e-01 -1.067453248698762777e-02
7.861118471659397575e-03 6.947848092940775988e-01 -1.041948853478002861e-02
7.870246468557115863e-03 6.951840872553147754e-01 -1.019621109912438074e-02
7.879100852857739284e-03 6.957117123600545794e-01 -1.000451636619310164e-02
7.887775454181164547e-03 6.964209216069955355e-01 -9.844105285784433140e-03
7.896504948139551616e-03 6.973823516037258585e-01 -9.721862698743047315e-03
7.905323957582307409e-03 6.986556808953803266e-01 -9.646749662417275148e-03
7.914439755252201600e-03 7.002694059797121007e-01 -9.630383621492863422e-03
7.924026950528342481e-03 7.021485648238350308e-01 -9.688608673361067888e-03
7.934026422686854541e-03 7.041325907853215327e-01 -9.804953940799877171e-03
7.944445478994888524e-03 7.060588941316870981e-01 -9.953726376428608316e-03
7.955150343436124399e-03 7.078027874059406033e-01 -1.010473279081849571e-02
7.966006765979980267e-03 7.093124466968582231e-01 -1.023383161945262514e-02
7.977032836149819742e-03 7.105821689670459573e-01 -1.034703205293864385e-02
7.988138629144844391e-03 7.116265995829185176e-01 -1.044667684940723748e-02
7.999326042820118290e-03 7.124702901204270633e-01 -1.054081528529940588e-02
8.010548869252936272e-03 7.131436526452696878e-01 -1.064174013475076806e-02
8.021799012658814565e-03 7.136727482167579684e-01 -1.075658017040050270e-02
8.033017824615046321e-03 7.140806230710566860e-01 -1.089217081329629626e-02
8.044111603997301449e-03 7.143828062847763505e-01 -1.105660537354236951e-02
8.054696703816794853e-03 7.145803447473685344e-01 -1.126011413985687076e-02
8.064095494575896153e-03 7.146605244685395597e-01 -1.151490537076401213e-02
8.072606905103866387e-03 7.146021137250309074e-01 -1.183278928229149034e-02
8.081104756501479927e-03 7.143837982732825775e-01 -1.222860648459279942e-02
8.089965093092715137e-03 7.139994149194004436e-01 -1.270610228644159997e-02
8.099202393402109290e-03 7.134796350346962468e-01 -1.326035736899659409e-02
8.108685499349985865e-03 7.128686319302505181e-01 -1.388750956886155088e-02
8.118255605710387665e-03 7.122012623223775707e-01 -1.458572847289878183e-02
8.127899768342069717e-03 7.114827486751147401e-01 -1.535164309776265897e-02
8.137655835381693223e-03 7.107021878732396880e-01 -1.615447128904653334e-02
8.147474724963556236e-03 7.098449583689602216e-01 -1.695862427842773079e-02
8.157393991668045186e-03 7.089195276378198463e-01 -1.773625696837935126e-02
8.167429999364940116e-03 7.079371468470975204e-01 -1.845886180948383415e-02
8.177587473792952838e-03 7.069214643217400784e-01 -1.910253180394255040e-02
8.187823800080998304e-03 7.058919918136992155e-01 -1.963025692090209981e-02
8.198089822498600895e-03 7.048669731097536584e-01 -2.003550382665726312e-02
8.208368702120789201e-03 7.038675865832096923e-01 -2.033121700209236660e-02
8.218607529947265927e-03 7.028961190046714158e-01 -2.051962278239099699e-02
8.228871608315391564e-03 7.019607701501935360e-01 -2.060871549390412213e-02
8.239116760702290543e-03 7.010707268954595728e-01 -2.061589404099234066e-02
8.249326458283644942e-03 7.002233784310148978e-01 -2.054601787383038280e-02
8.259508730670770890e-03 6.994196681478980215e-01 -2.039864516455899141e-02
8.269683536446642211e-03 6.986655757184434545e-01 -2.017138883836045934e-02
8.279760932297260817e-03 6.979689395899579818e-01 -1.985933372892419169e-02
8.289792206814375342e-03 6.973254072105504742e-01 -1.946589431302166509e-02
8.299815515016404840e-03 6.967389090567360777e-01 -1.900000323694266829e-02
8.309740151878497114e-03 6.962090276756872642e-01 -1.846958795225027081e-02
8.319690264499572663e-03 6.957269082688339878e-01 -1.788189558613349078e-02
8.329711062658378545e-03 6.952929341159743704e-01 -1.725418491413066233e-02
8.339747892765097745e-03 6.949084657500684825e-01 -1.659849952965222059e-02
8.349916189748139705e-03 6.945758391668749310e-01 -1.592809678698224943e-02
8.360193775878316594e-03 6.942997746862977770e-01 -1.526522990511075713e-02
8.370602416023926670e-03 6.940822831307974505e-01 -1.462779768296507132e-02
8.381044012863315268e-03 6.939294181826123342e-01 -1.402719652381766158e-02
8.391471156581432889e-03 6.938330429129769827e-01 -1.346590549203149044e-02
8.401893750972213790e-03 6.937873201213925478e-01 -1.294401443722419630e-02
8.412349403492369246e-03 6.937907225035854220e-01 -1.246326692024724708e-02
8.422763061688423245e-03 6.938405306269377348e-01 -1.202546364387546696e-02
8.433094331172275721e-03 6.939355040492284354e-01 -1.162875143946471256e-02
8.443300926550377158e-03 6.940761715025474121e-01 -1.127086735089951469e-02
8.453317376184021556e-03 6.942658267284965712e-01 -1.095002459348971488e-02
8.463070235810544323e-03 6.945109483736309208e-01 -1.066382467796758889e-02
8.472504953122498086e-03 6.948249115877450643e-01 -1.041009269453075509e-02
8.481620989790591980e-03 6.952319605136729752e-01 -1.018821862015232595e-02
8.490469718604450738e-03 6.957699136078966395e-01 -9.997964747038144695e-03
8.499141412860400369e-03 6.964930276880394455e-01 -9.839176316015604135e-03
8.507877634550894963e-03 6.974718213734741878e-01 -9.719525682929055013e-03
8.516708828210957719e-03 6.987645285666378436e-01 -9.647391816593110792e-03
8.525852036281195492e-03 7.003955954345085777e-01 -9.635649030000205048e-03
8.535469437383202962e-03 7.022817846718849566e-01 -9.697979290982303158e-03
8.545496953912358473e-03 7.042619538962672232e-01 -9.816924002664978791e-03
8.555929795464684018e-03 7.061744326008683181e-01 -9.966842612726517156e-03
8.566654205187261215e-03 7.078998887856745581e-01 -1.011672999831861319e-02
8.577520161415516306e-03 7.093908285105831046e-01 -1.024464476952520638e-02
8.588541116457596922e-03 7.106423338247990218e-01 -1.035732397851637544e-02
8.599654785206392940e-03 7.116712341329941571e-01 -1.045677982743318558e-02
8.610827972289509039e-03 7.125013756053458769e-01 -1.055154690439643120e-02
8.622052604337362980e-03 7.131642130586968165e-01 -1.065361157617037736e-02
8.633287262823769598e-03 7.136845660665629421e-01 -1.077005802990629868e-02
8.644499400536716574e-03 7.140855329746838009e-01 -1.090748213233424732e-02
8.655577222655785538e-03 7.143816044707808066e-01 -1.107425394998733624e-02
8.666104849621951781e-03 7.145728343075604672e-01 -1.128066596778944108e-02
8.675438200647618905e-03 7.146458200958628604e-01 -1.153894664566175107e-02
8.683928201740567440e-03 7.145789124672303760e-01 -1.186104415125626213e-02
8.692444543889508643e-03 7.143510980090936879e-01 -1.226143534210124078e-02
8.701329710788987398e-03 7.139584565012424555e-01 -1.274311067757257984e-02
8.710583348022231734e-03 7.134333826106641352e-01 -1.330107598629478617e-02
8.720075707050441507e-03 7.128196199584519999e-01 -1.393210335217421464e-02
8.729645204954167639e-03 7.121502731135684883e-01 -1.463440398012877050e-02
8.739295515669123077e-03 7.114290931563553855e-01 -1.540356378330436961e-02
8.749050517989243048e-03 7.106446455391194350e-01 -1.620663860351070212e-02
8.758879292370848682e-03 7.097830459183280816e-01 -1.700955757173423094e-02
8.768799964550745563e-03 7.088539992982149096e-01 -1.778393776631750911e-02
8.778841070353909232e-03 7.078691738503738451e-01 -1.850172813388024223e-02
8.789008308719335749e-03 7.068522967922198363e-01 -1.913860220281390218e-02
8.799245495227080507e-03 7.058227566533262776e-01 -1.965761036220378677e-02
8.809516737677660150e-03 7.047989942109985639e-01 -2.005524061909374003e-02
8.819791204798671513e-03 7.038016260136165103e-01 -2.034352427233837926e-02
8.830035912252749003e-03 7.028320089524046077e-01 -2.052473604901030452e-02
8.840301716642764290e-03 7.018994854256753735e-01 -2.060749396503376574e-02
8.850540288163701724e-03 7.010124904742438545e-01 -2.060941544975510367e-02
8.860747528177911544e-03 7.001679673385394764e-01 -2.053405674813707851e-02
8.870929703435103189e-03 6.993672248343916209e-01 -2.038116668284901609e-02
8.881102074314370723e-03 6.986168292025090043e-01 -2.014789750509293070e-02
8.891169926140600824e-03 6.979239981358059675e-01 -1.982960621119288225e-02
8.901201078940714287e-03 6.972841410266904516e-01 -1.943056151222598629e-02
8.911222974089283086e-03 6.967018909080185951e-01 -1.895961003239289219e-02
8.921147269354360795e-03 6.961756766716062916e-01 -1.842455331349287032e-02
8.931104075476016535e-03 6.956970399297145446e-01 -1.783327791963805475e-02
8.941124406014413009e-03 6.952668560505835815e-01 -1.720333674155773845e-02
8.951168271052795458e-03 6.948863400991260875e-01 -1.654595730792288513e-02
8.961348488488002709e-03 6.945580496983317920e-01 -1.587554754277192490e-02
8.971635690784685035e-03 6.942867075395805498e-01 -1.521407081641700659e-02
8.982050000513447027e-03 6.940743721249273968e-01 -1.457926542495493159e-02
8.992490219081694311e-03 6.939267112360231193e-01 -1.398169815177570732e-02
9.002918293941947550e-03 6.938348897773408686e-01 -1.342342654626601725e-02
9.013344618479707943e-03 6.937936753968511061e-01 -1.290457923128950947e-02
9.023798281540349603e-03 6.938015815144882303e-01 -1.242715275258063010e-02
9.034205271603611143e-03 6.938558260240965669e-01 -1.199259541476694474e-02
9.044525101841782710e-03 6.939553877549033967e-01 -1.159895181121818608e-02
9.054715882099953483e-03 6.941009433852975974e-01 -1.124397839207185411e-02
9.064710017309109136e-03 6.942960751663651564e-01 -1.092591516800236161e-02
9.074436135235036671e-03 6.945476522245731532e-01 -1.064233985340634625e-02
9.083844789501175146e-03 6.948698474307316575e-01 -1.039120294825760828e-02
9.092942669149723170e-03 6.952879062298924495e-01 -1.017196561015937077e-02
9.101783100782509517e-03 6.958411280095981866e-01 -9.984335970388127923e-03
9.110450525088844773e-03 6.965854864302393201e-01 -9.828493986263859422e-03
9.119189222675795972e-03 6.975908782658202245e-01 -9.712964014782807937e-03
9.128040381550720297e-03 6.989144979785983924e-01 -9.645542869865970925e-03
9.137226197696274310e-03 7.005732839727232264e-01 -9.640870285487638039e-03
9.146885554634708385e-03 7.024724771511026145e-01 -9.709233973781023971e-03
9.156954782143697166e-03 7.044501142227069801e-01 -9.832006797989503374e-03
9.167412355251548448e-03 7.063457093463701986e-01 -9.983597002831769845e-03
9.178163583190547536e-03 7.080470791299022792e-01 -1.013164543625640936e-02
9.189046323618632953e-03 7.095135273030569456e-01 -1.025784034347239533e-02
9.200067490411828475e-03 7.107409360843203183e-01 -1.036943963212824497e-02
9.211192054392185191e-03 7.117487564351682172e-01 -1.046828416997345849e-02
9.222358057295498152e-03 7.125606838437416046e-01 -1.056361254842373178e-02
9.233587241995614217e-03 7.132086602391835006e-01 -1.066699015818428804e-02
9.244811310486581238e-03 7.137166138898338730e-01 -1.078550440183337691e-02
9.256014563148562413e-03 7.141072697625352461e-01 -1.092542054010744654e-02
9.267070318881505051e-03 7.143939619014219033e-01 -1.109556950123693521e-02
9.277503637934317662e-03 7.145751589573303697e-01 -1.130638052683602228e-02
9.286721506764955905e-03 7.146364653231304098e-01 -1.157001889191693229e-02
9.295184381813967334e-03 7.145558124458205596e-01 -1.189879068539703016e-02
9.303726901393865809e-03 7.143128182174230956e-01 -1.230650080043888157e-02
9.312654886827913259e-03 7.139068250252973424e-01 -1.279510969914525627e-02
9.321929113515087587e-03 7.133725995226454231e-01 -1.335942906624451414e-02
9.331437078161593235e-03 7.127535504710527103e-01 -1.399687840865061761e-02
9.341009813975729645e-03 7.120801689857098049e-01 -1.470568792822915527e-02
9.350670084649998978e-03 7.113541611664360165e-01 -1.547973035622998532e-02
9.360423369451259176e-03 7.105632375259177680e-01 -1.628339131915507859e-02
9.370265998212778946e-03 7.096948225792749643e-01 -1.708471257461892032e-02
9.380192402389927672e-03 7.087600610482602814e-01 -1.785453919727276323e-02
9.390240031667169973e-03 7.077715050242405770e-01 -1.856548138636830020e-02
9.400419874616424559e-03 7.067527572133245339e-01 -1.919236777220195353e-02
9.410658523340569362e-03 7.057230383090586923e-01 -1.969890636412264390e-02
9.420937080777149614e-03 7.047011700679136625e-01 -2.008574534843649353e-02
9.431205567568422612e-03 7.037066651529003680e-01 -2.036341324038402900e-02
9.441459650934959716e-03 7.027398821288003417e-01 -2.053447178521593600e-02
9.451730456607958242e-03 7.018115249340857176e-01 -2.060840723858960513e-02
9.461961348285150356e-03 7.009288721245664489e-01 -2.060292652178681225e-02
9.472164205689770702e-03 7.000884711153466666e-01 -2.051986689009543605e-02
9.482346564710936870e-03 6.992921329379747641e-01 -2.035923047453055273e-02
9.492514372511690404e-03 6.985471512319648690e-01 -2.011757839716250829e-02
9.502568674048136182e-03 6.978597016186345314e-01 -1.979074553392394520e-02
9.512597255470134003e-03 6.972251390355812539e-01 -1.938412312096753076e-02
9.522615024302327411e-03 6.966488647420772118e-01 -1.890639292770837990e-02
9.532537750043560895e-03 6.961276364804175332e-01 -1.836506642962673977e-02
9.542502326011358116e-03 6.956537613064261993e-01 -1.776904652633210305e-02
9.552521002569971595e-03 6.952286656722700409e-01 -1.713610505132299663e-02
9.562575138825503418e-03 6.948534312889237397e-01 -1.647648515619089954e-02
9.572770229673567902e-03 6.945308714119985405e-01 -1.580617784080240798e-02
9.583070934402086044e-03 6.942656443649902753e-01 -1.514664717656480537e-02
9.593492528641788669e-03 6.940600520153106245e-01 -1.451541745913464097e-02
9.603929533215109851e-03 6.939189553162364854e-01 -1.392191735043730658e-02
9.614358520227656024e-03 6.938327947501298221e-01 -1.336768021336998818e-02
9.624788834418973593e-03 6.937971267338062242e-01 -1.285292154601944820e-02
9.635239120796784337e-03 6.938104515650662663e-01 -1.237995208878128403e-02
9.645637263270948752e-03 6.938699592042700814e-01 -1.194970525682653370e-02
9.655942579763045555e-03 6.939748828254252988e-01 -1.156013490168587149e-02
9.666113911703685252e-03 6.941261174125362698e-01 -1.120904685445922588e-02
9.676080089425043856e-03 6.943275986282329004e-01 -1.089466491158934576e-02
9.685773139490814684e-03 6.945867155776289659e-01 -1.061453812394864103e-02
9.695152898854675003e-03 6.949186834959175663e-01 -1.036677863437712385e-02
9.704232618495596888e-03 6.953500641777651259e-01 -1.015093096165008320e-02
9.713067251986666484e-03 6.959220651303387184e-01 -9.966637982120862480e-03
9.721732132874647339e-03 6.966929044542209404e-01 -9.814661384015776341e-03
9.730474587641585807e-03 6.977310704679935416e-01 -9.704252838864601063e-03
9.739353520447260881e-03 6.990928243989685820e-01 -9.642737879991279681e-03
9.748593318188138873e-03 7.007847101104264231e-01 -9.646737828780654195e-03
9.758302213017133395e-03 7.026990911989885458e-01 -9.722209668628734730e-03
9.768419634763813100e-03 7.046736027356454990e-01 -9.849322667498421752e-03
9.778910292420957273e-03 7.065494551454823968e-01 -1.000252663385579367e-02
9.789668423298708219e-03 7.082229476132252399e-01 -1.014814468012342069e-02
9.800573525406076208e-03 7.096612644434925343e-01 -1.027245636881446780e-02
9.811597910729082453e-03 7.108611728542542085e-01 -1.038257525508461641e-02
9.822736657491878964e-03 7.118446678930223648e-01 -1.048063661659645769e-02
9.833900757011139124e-03 7.126358304318897163e-01 -1.057658558062861583e-02
9.845134852054701277e-03 7.132664833850367314e-01 -1.068145375420506173e-02
9.856355281507999874e-03 7.137600022556785939e-01 -1.080237488511892954e-02
9.867541458752106254e-03 7.141383652777179014e-01 -1.094528290308762961e-02
9.878566392406308919e-03 7.144136596424860430e-01 -1.111952576202201830e-02
9.888877210403573814e-03 7.145824341708292282e-01 -1.133576325529573464e-02
9.897967106733575673e-03 7.146290699995470064e-01 -1.160601936735419781e-02
9.906416393100806600e-03 7.145313155463869359e-01 -1.194308763827114407e-02
9.914993459080426869e-03 7.142696073814448487e-01 -1.235980996759874009e-02
9.923968559153008642e-03 7.138475112554855118e-01 -1.285699549091469385e-02
9.933274498575757686e-03 7.133021638655829832e-01 -1.342926929261179826e-02
9.942798684363872083e-03 7.126765586119366835e-01 -1.407465763124399888e-02
9.952377768806384972e-03 7.119978532925126391e-01 -1.479146959266491694e-02
9.962051139795423046e-03 7.112655547832474889e-01 -1.557103940624952540e-02
9.971800742520032720e-03 7.104663974797212900e-01 -1.637526385044987820e-02
9.981658064645822573e-03 7.095898394665685061e-01 -1.717444147326134193e-02
9.991594252186097869e-03 7.086481334556885558e-01 -1.793867070116239582e-02
1.000165126144496146e-02 7.076552921206401559e-01 -1.864134878211735555e-02
1.001184508196406933e-02 7.066344625169836968e-01 -1.925589810674440891e-02
1.002208565394451141e-02 7.056046649437869300e-01 -1.974772091346715247e-02
1.003237396849041702e-02 7.045852940110797213e-01 -2.012190595158992040e-02
1.004263511589097678e-02 7.035941081222196747e-01 -2.038702727937363735e-02
