0.000000000000000000e+00 6.516300000000000425e-01 -8.225400000000000766e-03
9.096026176984122591e-06 6.517931889092695164e-01 -8.233186957766810282e-03
1.717630126457430836e-05 6.520049386492983157e-01 -8.220825251693448382e-03
2.488715319793247981e-05 6.523646836860557130e-01 -8.197110348327122861e-03
3.352320152496246611e-05 6.529321211236837064e-01 -8.180630413422268141e-03
4.256271901181896605e-05 6.536666496937896254e-01 -8.172992520767360242e-03
4.989262166073047110e-05 6.546463779615175893e-01 -8.136220580659511356e-03
5.919889810855558110e-05 6.561633622260546472e-01 -8.132915387424619405e-03
6.862583757357940963e-05 6.579002416762534944e-01 -8.133012458246706433e-03
7.808955260213245990e-05 6.598509222624372450e-01 -8.131947174750858362e-03
8.758371626814975017e-05 6.620257628575347830e-01 -8.126594213054115154e-03
9.705503132072281478e-05 6.644401551851040200e-01 -8.117147933092630843e-03
1.066286820412790006e-04 6.671161213351003427e-01 -8.112538111594567655e-03
1.162175511393130905e-04 6.700352329711680710e-01 -8.117246515568807969e-03
1.258606602713373789e-04 6.731872794043384234e-01 -8.140547996795971866e-03
1.356033657425834995e-04 6.765631191122183363e-01 -8.186120842163316369e-03
1.453812523347068229e-04 6.801061596195695502e-01 -8.230192185872606259e-03
1.551845757189963717e-04 6.838040247852253950e-01 -8.258753332543441322e-03
1.650291094869379028e-04 6.876443139241180669e-01 -8.286247693575570297e-03
1.749486532026146303e-04 6.915745579998314740e-01 -8.349406393518091565e-03
1.847602855850325777e-04 6.956015100456583999e-01 -8.468328723089132634e-03
1.945950372546306577e-04 6.997925131657668496e-01 -8.636267953141691864e-03
2.048579701863780336e-04 7.040049783582039700e-01 -8.861577042143428326e-03
2.154556765923276317e-04 7.079080334497086513e-01 -9.086022775486984546e-03
2.260885374325680608e-04 7.113821231995558492e-01 -9.213246153743222602e-03
2.367333588650425661e-04 7.144579527215390025e-01 -9.217913161902556787e-03
2.476518292156263301e-04 7.171458629203708579e-01 -9.106476671771291873e-03
2.615364090488307073e-04 7.192049097035226879e-01 -9.024023724431142618e-03
2.712787865932525695e-04 7.198151282848664900e-01 -9.281500098292557940e-03
2.787938579995092757e-04 7.189160741943472210e-01 -1.022722142021124069e-02
2.889769185573565669e-04 7.175395711824575917e-01 -1.140001255407714978e-02
2.996503007304484028e-04 7.162576047486773900e-01 -1.246266586323486851e-02
3.099450584302915310e-04 7.151357595948661938e-01 -1.345097512211987194e-02
3.200098855303053929e-04 7.140734953695757614e-01 -1.441664021475881283e-02
3.299539044706975197e-04 7.130409611935009107e-01 -1.540969884958692283e-02
3.398602601785885146e-04 7.119984834640763482e-01 -1.641832736036796109e-02
3.498756317742477513e-04 7.109220773962555695e-01 -1.741929452498796813e-02
3.599999256943531550e-04 7.098155139389848989e-01 -1.837631360283732695e-02
3.703562385119944051e-04 7.087145258627554067e-01 -1.923993639533956579e-02
3.807870328952342779e-04 7.076518590017388810e-01 -1.998790678486807998e-02
3.912607778815190636e-04 7.066331617380025021e-01 -2.060762112738974763e-02
4.017138032061971851e-04 7.056651614023009556e-01 -2.110638564852711230e-02
4.121805211021839195e-04 7.047487688662779082e-01 -2.149853487395938720e-02
4.225660095203111677e-04 7.038865814252612818e-01 -2.179775779691867782e-02
4.328692790592330295e-04 7.030653930982987410e-01 -2.202395192255948361e-02
4.431217160360251110e-04 7.022774621853009602e-01 -2.218979952855092141e-02
4.533588168550299114e-04 7.015201531907677701e-01 -2.230434511371906167e-02
4.636182465463825446e-04 7.007925558963733481e-01 -2.237028151326471426e-02
4.739106740375223243e-04 7.001005791354902863e-01 -2.239248508725153949e-02
4.841843121863261858e-04 6.994466883711730754e-01 -2.237733405510912432e-02
4.944828099359040163e-04 6.988308433552581356e-01 -2.232518708853249711e-02
5.046913755124076643e-04 6.982524846510848038e-01 -2.223284294628846344e-02
5.148337037501891141e-04 6.977056523747315886e-01 -2.209334289415352398e-02
5.249400641701160511e-04 6.971903800530556694e-01 -2.190505143775507702e-02
5.348745281466569038e-04 6.967021180811168168e-01 -2.166824029330721713e-02
5.447303381827640163e-04 6.962321470711871907e-01 -2.137745404320567921e-02
5.545305748573093425e-04 6.957795758343640058e-01 -2.102995493446062694e-02
5.642754616709392580e-04 6.953435364086060222e-01 -2.062165178643115063e-02
5.739529439117641496e-04 6.949202040514470546e-01 -2.015347070140675878e-02
5.836472931860930968e-04 6.945048188488046614e-01 -1.962147203969723600e-02
5.933723213417630912e-04 6.940986039006444841e-01 -1.903210148114801992e-02
6.032031710498002644e-04 6.936964722944716222e-01 -1.839666254193044262e-02
6.131533916839559560e-04 6.933013634852677187e-01 -1.773556600203129649e-02
6.231671338834621427e-04 6.929104457098629322e-01 -1.706573052145134856e-02
6.333283267893866260e-04 6.925311050306907079e-01 -1.640136177254165536e-02
6.435898636255484289e-04 6.921707748473610033e-01 -1.576085017476395664e-02
6.538829618430010236e-04 6.918285487771150821e-01 -1.515379997196436741e-02
6.642178902327208062e-04 6.914983996537001909e-01 -1.458766558505233610e-02
6.746558591291103258e-04 6.911811117087206524e-01 -1.406496950343927820e-02
6.851010890213009904e-04 6.908818992903270617e-01 -1.359204939218592624e-02
6.954851869563205688e-04 6.905887820297845758e-01 -1.316746260278196280e-02
7.059014766566536984e-04 6.902962168178653490e-01 -1.279003206471299517e-02
7.162217825879887284e-04 6.900050238999470009e-01 -1.245744639623270339e-02
7.264451374102893523e-04 6.897094210699381556e-01 -1.216151225106818813e-02
7.366553761234441444e-04 6.894067019198293345e-01 -1.189912855809995874e-02
7.468314289797756307e-04 6.890989258227357972e-01 -1.166833861819552461e-02
7.569559847934722663e-04 6.887868895434779981e-01 -1.146449638292270853e-02
7.670550923067230228e-04 6.884700090179144416e-01 -1.128429013855862702e-02
7.771911144005183483e-04 6.881502450624447098e-01 -1.112702975406794532e-02
7.873043507618063827e-04 6.878305211365325356e-01 -1.099202847662172564e-02
7.974059576351450645e-04 6.875108665767706295e-01 -1.087710487146226375e-02
8.074809623744916894e-04 6.871916135218116839e-01 -1.078095688928313797e-02
8.175604165903659895e-04 6.868727640423736291e-01 -1.070195706857120059e-02
8.276493147464119475e-04 6.865562312860227223e-01 -1.063754334146119022e-02
8.377534244640735903e-04 6.862435275534151113e-01 -1.058506567979792395e-02
8.478919516898724470e-04 6.859364570982585674e-01 -1.054285175052858264e-02
8.580848617065620684e-04 6.856377771214952066e-01 -1.051001541697647347e-02
8.683068817003744989e-04 6.853501569660395143e-01 -1.048567698224284195e-02
8.785316010013713862e-04 6.850745056635952901e-01 -1.046872030497077687e-02
8.887611509066187547e-04 6.848105402557815857e-01 -1.045759109486283159e-02
8.990084340204081235e-04 6.845583952458249577e-01 -1.045146361187422775e-02
9.092474017916167594e-04 6.843180894129470282e-01 -1.045049625340544602e-02
9.194674553835408643e-04 6.840885870554911374e-01 -1.045472939202849415e-02
9.296771509337218567e-04 6.838688066853444436e-01 -1.046392859718083858e-02
9.398887976016550216e-04 6.836582487385769458e-01 -1.047789589856547472e-02
9.501075911114354637e-04 6.834568046273424846e-01 -1.049641372751078557e-02
9.603346489375408270e-04 6.832645476868391965e-01 -1.051926303294920678e-02
9.705600024699122729e-04 6.830814755212402112e-01 -1.054635018591497039e-02
9.807545850110154558e-04 6.829069469037376550e-01 -1.057767737474077721e-02
9.909048647937892303e-04 6.827396036933540691e-01 -1.061331418729298363e-02
1.001010509354330943e-03 6.825779722558220630e-01 -1.065345052144755188e-02
1.011076234219745020e-03 6.824208000448691580e-01 -1.069845232634048307e-02
1.021111309209602695e-03 6.822671205766264180e-01 -1.074882611188538589e-02
1.031123056404818208e-03 6.821165349022560997e-01 -1.080519533229547594e-02
1.041104128624289115e-03 6.819686527216274330e-01 -1.086813051463313314e-02
1.051052900027214018e-03 6.818230186986172781e-01 -1.093825836991351753e-02
1.060972721171529048e-03 6.816793504058986652e-01 -1.101631267582975880e-02
1.070853338268059262e-03 6.815372099206414847e-01 -1.110308014371744201e-02
1.080698671255758822e-03 6.813959345895969077e-01 -1.119945081590145199e-02
1.090499177893342617e-03 6.812549605405870956e-01 -1.130640101662240202e-02
1.100264960694226964e-03 6.811134052241690773e-01 -1.142502199138622013e-02
1.109996918313627427e-03 6.809704538163939835e-01 -1.155640168213182065e-02
1.119711011701002594e-03 6.808253572626218331e-01 -1.170153987547298963e-02
1.129409147342496983e-03 6.806774965016814116e-01 -1.186142266808335594e-02
1.139094104766821521e-03 6.805263910723776677e-01 -1.203725291323449152e-02
1.148770525413956396e-03 6.803716745076268113e-01 -1.223038193135803607e-02
1.158442327886181726e-03 6.802129666328020630e-01 -1.244198739555275532e-02
1.168116786838813148e-03 6.800496299069060946e-01 -1.267295931831750877e-02
1.177795063240815723e-03 6.798811550450839514e-01 -1.292387265274174378e-02
1.187474211209418873e-03 6.797070662986338663e-01 -1.319551220798727623e-02
1.197137560560657815e-03 6.795265787860167439e-01 -1.348941810494302257e-02
1.206798663919395184e-03 6.793383303532033457e-01 -1.380756181206599896e-02
1.216465164771946862e-03 6.791407957106482263e-01 -1.415089828048579981e-02
1.226146871176146420e-03 6.789318270090577423e-01 -1.451946566400153307e-02
1.235867359775764821e-03 6.787093322005823826e-01 -1.491184840960902563e-02
1.245612360764057191e-03 6.784717633005680204e-01 -1.532498355163357424e-02
1.255390049081120786e-03 6.782189799631601623e-01 -1.575746595335651007e-02
1.265224106118267291e-03 6.779547906449090444e-01 -1.620737840607263530e-02
1.275076473006611080e-03 6.776830037499391723e-01 -1.667267639330993409e-02
1.284943820578601575e-03 6.774053814607456925e-01 -1.715298187695607837e-02
1.294864061104033029e-03 6.771244458385952125e-01 -1.764662223437957894e-02
1.304840296425968877e-03 6.768450186045792405e-01 -1.814900443362105209e-02
1.314858932702634656e-03 6.765701296495002515e-01 -1.865511800104035015e-02
1.324942846681823570e-03 6.763005366999986778e-01 -1.915900825362420318e-02
1.335054012629464330e-03 6.760365063030293609e-01 -1.965349573180428383e-02
1.345198717737215287e-03 6.757767430907128947e-01 -2.013528492154763663e-02
1.355387651170763359e-03 6.755203187587953684e-01 -2.059964799706965471e-02
1.365597568505464137e-03 6.752628760444849831e-01 -2.103998732614199840e-02
1.375810623038814648e-03 6.749990673338791547e-01 -2.145184744706959620e-02
1.386032484873354724e-03 6.747263860645460465e-01 -2.183313503015073612e-02
1.396250113324214951e-03 6.744449460384034367e-01 -2.218222104020015073e-02
1.406436882430671777e-03 6.741536602295518099e-01 -2.249900920666554269e-02
1.416597998295895944e-03 6.738509304326942839e-01 -2.278307800074594672e-02
1.426719187626559592e-03 6.735360360630671117e-01 -2.303430357410793036e-02
1.436781672614323001e-03 6.732084338624684250e-01 -2.325409762363976965e-02
1.446790319681500337e-03 6.728666263611180476e-01 -2.344376897237640880e-02
1.456771974125835485e-03 6.725099869004975695e-01 -2.360359310598919916e-02
1.466745282472467710e-03 6.721396621148202355e-01 -2.373282318807783467e-02
1.476693854348007113e-03 6.717574101815251275e-01 -2.383132731336631144e-02
1.486613082267746778e-03 6.713640394329359884e-01 -2.390083377680142507e-02
1.496520857757541092e-03 6.709600546763987428e-01 -2.394368888988417446e-02
1.506431632530556928e-03 6.705466874538322797e-01 -2.396142608104952915e-02
1.516359398244337140e-03 6.701260998702001093e-01 -2.395500531487300411e-02
1.526311774815556147e-03 6.697010525944627757e-01 -2.392534561372236870e-02
1.536283855959302619e-03 6.692746918976727466e-01 -2.387389326175309509e-02
1.546280478420460286e-03 6.688494602277278434e-01 -2.380275192575862300e-02
1.556305408750237231e-03 6.684284677661043172e-01 -2.371346330992448598e-02
1.566350070846961968e-03 6.680144952227732302e-01 -2.360625545703962450e-02
1.576416712839149225e-03 6.676101306611939012e-01 -2.348154373610521900e-02
1.586491489118031003e-03 6.672177874152753763e-01 -2.333995147229021502e-02
1.596569474036863522e-03 6.668382965208148327e-01 -2.318246701966695036e-02
1.606658053677918405e-03 6.664728065119490674e-01 -2.300996752853893407e-02
1.616743030419189216e-03 6.661225524115828023e-01 -2.282283665141944182e-02
1.626830669388946949e-03 6.657882516888172786e-01 -2.262127771994268746e-02
1.636924279181287568e-03 6.654712566548520725e-01 -2.240569488891007779e-02
1.647010437482163093e-03 6.651730618839034603e-01 -2.217617172896042127e-02
1.657085072015967607e-03 6.648942259698294999e-01 -2.193280659639425603e-02
1.667151056047396938e-03 6.646353526851381810e-01 -2.167591742623263887e-02
1.677196914667646466e-03 6.643976102889470603e-01 -2.140539371217769701e-02
1.687210943287660407e-03 6.641817349463827735e-01 -2.112044148463549167e-02
1.697202180770855185e-03 6.639878386889287443e-01 -2.082079380973754848e-02
1.707166772733603212e-03 6.638158520917816219e-01 -2.050677985129396863e-02
1.717108551072612848e-03 6.636652381593644012e-01 -2.017874345357669602e-02
1.727034676836590801e-03 6.635353024589919491e-01 -1.983711062043050019e-02
1.736951798125812435e-03 6.634256085974326034e-01 -1.948260519572006869e-02
1.746863389905636615e-03 6.633353336085719976e-01 -1.911614607730006618e-02
1.756779342752082772e-03 6.632634209506345080e-01 -1.873894864196893120e-02
1.766696051719063385e-03 6.632088364733678132e-01 -1.835235045831532311e-02
1.776611172536789532e-03 6.631705522910283923e-01 -1.795717649354411707e-02
1.786534984573885957e-03 6.631484684724856526e-01 -1.755415636066470428e-02
1.796471305339227865e-03 6.631429248152513889e-01 -1.714476541421141101e-02
1.806422204901211902e-03 6.631537681528193451e-01 -1.673062523835460932e-02
1.816396726790910727e-03 6.631802961830950416e-01 -1.631375583438715582e-02
1.826396446891512390e-03 6.632218492720978187e-01 -1.589669522107323152e-02
1.836424285067646918e-03 6.632782084304881254e-01 -1.548220580183510067e-02
1.846461673629190385e-03 6.633497043407956539e-01 -1.507280324092733804e-02
1.856512270508768212e-03 6.634368395624289372e-01 -1.466995295256386111e-02
1.866577498853108684e-03 6.635401889875756076e-01 -1.427575280132265499e-02
1.876659168312000761e-03 6.636604524678285655e-01 -1.389234007817022852e-02
1.886762113296107900e-03 6.637989018962905385e-01 -1.352276112983713877e-02
1.896871449636794221e-03 6.639566716012427205e-01 -1.317016838811412884e-02
1.906970748236432251e-03 6.641342410495675308e-01 -1.283647200037228882e-02
1.917043811755040142e-03 6.643320270577229847e-01 -1.252252519319861125e-02
1.927080234072585385e-03 6.645506099137165057e-01 -1.222849483496474959e-02
1.937076200415581298e-03 6.647908616582027808e-01 -1.195436992458845382e-02
1.947027515731998169e-03 6.650535847059267924e-01 -1.170009992460964432e-02
1.956934040733277445e-03 6.653395686817230592e-01 -1.146508976574996987e-02
1.966805580344597754e-03 6.656493753303963645e-01 -1.124855487179413603e-02
1.976650980569785460e-03 6.659831388833034049e-01 -1.104981358845351716e-02
1.986478920142753946e-03 6.663409110730905693e-01 -1.086822048383483987e-02
1.996293640696973019e-03 6.667224842022645426e-01 -1.070334702780001944e-02
2.006091000363426514e-03 6.671281476237822528e-01 -1.055478331786675189e-02
2.015901566688846954e-03 6.675577711763744926e-01 -1.042158805779081973e-02
2.025736094064027170e-03 6.680090235221015638e-01 -1.030277293513137682e-02
2.035591977737426402e-03 6.684790334644020726e-01 -1.019742802269886332e-02
2.045457847241432051e-03 6.689659180313893838e-01 -1.010509775201328536e-02
2.055348714611739819e-03 6.694679534122529585e-01 -1.002507268306711795e-02
2.065273459820332700e-03 6.699816193437305722e-01 -9.955982838647004646e-03
2.075220621731675274e-03 6.705037188382838576e-01 -9.896348622759308655e-03
2.085206526040812077e-03 6.710309552581102954e-01 -9.845156791793194251e-03
2.095220393840069566e-03 6.715591803613538691e-01 -9.800433810359911874e-03
2.105254067669189242e-03 6.720857104738223731e-01 -9.761452804504251735e-03
2.115312943868258126e-03 6.726081094417374340e-01 -9.728390510723286533e-03
2.125387541841393651e-03 6.731243641302252501e-01 -9.701195954684160849e-03
2.135480204315457712e-03 6.736324921865516346e-01 -9.678034879039976515e-03
2.145594741924060616e-03 6.741308714674200120e-01 -9.658174172174759098e-03
2.155737506044468933e-03 6.746171478297594559e-01 -9.642033303091053498e-03
2.165891125757501718e-03 6.750896355618377642e-01 -9.629148332886926925e-03
2.176081242322948014e-03 6.755470724053865839e-01 -9.618557974897449028e-03
2.186303886383022220e-03 6.759865714890560540e-01 -9.609275540023635639e-03
2.196527096925353795e-03 6.764071505517783578e-01 -9.601439397616748361e-03
2.206749539740827590e-03 6.768097075096606297e-01 -9.595241636597313939e-03
2.216994608341624380e-03 6.771945525452611747e-01 -9.590532896212370512e-03
2.227266430128946231e-03 6.775606468764727719e-01 -9.586885767243506426e-03
2.237548709534601006e-03 6.779073876487072825e-01 -9.583797325129719824e-03
2.247837774186313940e-03 6.782353072948252848e-01 -9.580726719152792351e-03
2.258132887337407045e-03 6.785450318317682861e-01 -9.577378656919502409e-03
2.268429192876047790e-03 6.788372316603215051e-01 -9.573851982861635371e-03
2.278708723087849528e-03 6.791132399214784288e-01 -9.570260627687964677e-03
2.288991993979006510e-03 6.793745031865602302e-01 -9.566579237969011218e-03
2.299285359726243021e-03 6.796214310277082227e-01 -9.562357079955370945e-03
2.309572248952685477e-03 6.798545779169187231e-01 -9.556935155631506723e-03
2.319843841905424968e-03 6.800751074345252611e-01 -9.549878007491102716e-03
2.330091309805376078e-03 6.802844247326338412e-01 -9.541157613186468378e-03
2.340310139652624060e-03 6.804840926982136384e-01 -9.531054366570135966e-03
2.350454270123383382e-03 6.806763862267809495e-01 -9.519897384156478584e-03
2.360570789741738354e-03 6.808635461391425725e-01 -9.507922602359310249e-03
2.370663554650526746e-03 6.810466379056100417e-01 -9.495155624945477227e-03
2.380735602510529458e-03 6.812265442601272980e-01 -9.481459398785077250e-03
2.390784199840867777e-03 6.814040549092248433e-01 -9.466608456928447823e-03
2.400798796937507733e-03 6.815800800796080194e-01 -9.450262700163051741e-03
2.410767970513886561e-03 6.817559065768574733e-01 -9.432009381532510325e-03
2.420672427456114356e-03 6.819333768740988289e-01 -9.411496144946773432e-03
2.430520235996793104e-03 6.821147211477947003e-01 -9.388480433105243772e-03
2.440309684725574298e-03 6.823022359514401280e-01 -9.362852169033448330e-03
2.450042966267292240e-03 6.824985021486562609e-01 -9.334584657392456380e-03
2.459465491178123870e-03 6.827108065322876618e-01 -9.303856591079984542e-03
2.468875671760042707e-03 6.829507962392202813e-01 -9.271065151757663936e-03
2.478286717073873054e-03 6.832224276785137107e-01 -9.236273739938917135e-03
2.487680528348271310e-03 6.835302054494872825e-01 -9.199563917389210616e-03
2.497061932211880678e-03 6.838800521259633669e-01 -9.160866837415453101e-03
2.506313223018111387e-03 6.842795152284673055e-01 -9.119993391007335734e-03
2.515431797220385023e-03 6.847563029956567071e-01 -9.077504008541351782e-03
2.524601057061263282e-03 6.853298313322276902e-01 -9.034312261718125542e-03
2.533783982426131287e-03 6.860130245649189717e-01 -8.991315395910047525e-03
2.543015384920070242e-03 6.868234024271895333e-01 -8.951108503563580746e-03
2.552172537022813058e-03 6.877773141064281726e-01 -8.915667359356253471e-03
2.561317045575791859e-03 6.889239578809200903e-01 -8.887325789845931454e-03
2.570449704242116270e-03 6.902971825010695284e-01 -8.867190011459809285e-03
2.579545473759908836e-03 6.919549202857570025e-01 -8.858230859194394374e-03
2.588617799190307770e-03 6.939686012187491482e-01 -8.867237047577577330e-03
2.597821748986623748e-03 6.964006878881453533e-01 -8.910270515936352317e-03
2.607197099398924321e-03 6.992463952133454175e-01 -8.992520637110585149e-03
2.617058526504379388e-03 7.023812972659789766e-01 -9.139796982344431872e-03
2.627417176669878760e-03 7.055021186361831731e-01 -9.336250831885510928e-03
2.638075416491628654e-03 7.083541884220980744e-01 -9.512180617567764576e-03
2.648864461782204829e-03 7.108460740972681879e-01 -9.625399879845434117e-03
2.659782961969850857e-03 7.129771784327191275e-01 -9.668200691223994767e-03
2.670922659073425662e-03 7.147507443160262541e-01 -9.652853605053999392e-03
2.682513854850539399e-03 7.161536190387448597e-01 -9.622213671697911822e-03
2.694960890596044545e-03 7.171674676205813670e-01 -9.632598916894000857e-03
2.709562717954592474e-03 7.177722873776164469e-01 -9.731810537858697277e-03
2.719835597559478770e-03 7.179681116858787071e-01 -9.950359450967453251e-03
2.727222176957692489e-03 7.178037091186107999e-01 -1.030481532742094641e-02
2.735628797765082658e-03 7.173582353645360232e-01 -1.078933516596618930e-02
2.744593461722502712e-03 7.166953255486677721e-01 -1.138768847843511789e-02
2.753949452555091385e-03 7.158721901747261418e-01 -1.209010453752436265e-02
2.763723335669196045e-03 7.149691952757076807e-01 -1.288198275441524050e-02
2.773657819247106904e-03 7.140441484759660895e-01 -1.370878461198574844e-02
2.783627267891207804e-03 7.131349069215836556e-01 -1.456807500929316844e-02
2.793483351100292320e-03 7.122382959403364966e-01 -1.546059432393733467e-02
2.803292569985388078e-03 7.113068950592504880e-01 -1.638190921428957572e-02
2.813240086440969238e-03 7.103150491663069444e-01 -1.729665932873494447e-02
2.823302544110587505e-03 7.092753948841949985e-01 -1.816585226028101865e-02
2.833476699315553085e-03 7.082062364119285913e-01 -1.895222111396543604e-02
2.843759789014896344e-03 7.071377098831489461e-01 -1.964207880193079986e-02
2.854116916093589734e-03 7.060825556502700051e-01 -2.020847692824476530e-02
2.864474176230640858e-03 7.050588384816238730e-01 -2.065008128209279772e-02
2.874821935764204466e-03 7.040729156167160330e-01 -2.097992842268993005e-02
2.885126823618580465e-03 7.031276363223659676e-01 -2.121339651515420990e-02
2.895410922967739300e-03 7.022213402412735839e-01 -2.136448090116695175e-02
2.905653742432347600e-03 7.013529018312222307e-01 -2.143635870302664989e-02
2.915890933486730164e-03 7.005225062405180392e-01 -2.143687509986794831e-02
2.926171544473648006e-03 6.997352232505521519e-01 -2.137514457920484251e-02
2.936401304639852348e-03 6.989948293986721906e-01 -2.125468098883047732e-02
2.946625151741862157e-03 6.983010520389749676e-01 -2.107364401765427636e-02
2.956736170996098964e-03 6.976582572380889413e-01 -2.082610619632551188e-02
2.966712378535549515e-03 6.970559209527630307e-01 -2.050777968462502363e-02
2.976647747405999737e-03 6.964906345220822637e-01 -2.011961088159430061e-02
2.986553168195221070e-03 6.959637770760547237e-01 -1.966667532271730925e-02
2.996322020201142890e-03 6.954686250964327021e-01 -1.914846600632622020e-02
3.006158560722713580e-03 6.950012457502634522e-01 -1.856590387414150042e-02
3.016057957467190107e-03 6.945644010391175405e-01 -1.793365897253249019e-02
3.026025619044202947e-03 6.941545398722637206e-01 -1.727028856081294292e-02
3.036100374326940882e-03 6.937716396486381942e-01 -1.659064885036145437e-02
3.046332218151284049e-03 6.934242108276513772e-01 -1.591645529018569788e-02
3.056635565426969823e-03 6.931167718425614854e-01 -1.526459831429653746e-02
3.067012611735906759e-03 6.928487586409727284e-01 -1.464160746294282910e-02
3.077446391143055619e-03 6.926195217906457868e-01 -1.405824326405917361e-02
3.087932956033716866e-03 6.924216593976704193e-01 -1.351890118615033630e-02
3.098453468660112165e-03 6.922515412971503856e-01 -1.302515675158184665e-02
3.109023228157549966e-03 6.921062054585831458e-01 -1.257784975123228156e-02
3.119589421880052896e-03 6.919808017864346184e-01 -1.217550054539428585e-02
3.130182279919831688e-03 6.918721016915988509e-01 -1.181409609517275472e-02
3.140765921035885803e-03 6.917781509807889861e-01 -1.149075494768942059e-02
3.151322398545243486e-03 6.916980126243408300e-01 -1.120024435503462999e-02
3.161853588605313421e-03 6.916324162783983320e-01 -1.093718095253501908e-02
3.172388070852448418e-03 6.915824658373010969e-01 -1.069769141529265666e-02
3.182933819000585435e-03 6.915506815361012194e-01 -1.047963146762619265e-02
3.193407083036292355e-03 6.915433595934776800e-01 -1.028115085861652789e-02
3.203576359506532696e-03 6.915710338000253810e-01 -1.009998916352642349e-02
3.213129967135742050e-03 6.916498084967407367e-01 -9.934373551308545505e-03
3.221877696404104249e-03 6.918025778656924363e-01 -9.783237903176568440e-03
3.230190494797520635e-03 6.920589059366277773e-01 -9.646074122287406905e-03
3.238601812676197410e-03 6.924611660800576995e-01 -9.523354682081465461e-03
3.246966078869646059e-03 6.930631551934329782e-01 -9.415750629355694803e-03
3.255495202627474004e-03 6.939277043837325243e-01 -9.326091208736246932e-03
3.264112686289722537e-03 6.951322596017038835e-01 -9.264205647886256112e-03
3.272930172651931230e-03 6.967390607692283133e-01 -9.235029837606982539e-03
3.281994070870453920e-03 6.987789021178417714e-01 -9.246802370462129869e-03
3.291493800934700877e-03 7.011979191854047500e-01 -9.321650525711747473e-03
3.301490720611032024e-03 7.037885989500347605e-01 -9.465846893343213622e-03
3.311927654620955633e-03 7.062973212298062631e-01 -9.639708883052577545e-03
3.322641239487237209e-03 7.085536524799499469e-01 -9.794326525146911100e-03
3.333540390475080075e-03 7.104990866216930323e-01 -9.905447050546122359e-03
3.344571084396562397e-03 7.121296599092623580e-01 -9.975407606070097258e-03
3.355809343282130115e-03 7.134622975552304958e-01 -1.001442122928957422e-02
3.367296715539134979e-03 7.145083607626918631e-01 -1.004570624423456807e-02
3.379126221264037999e-03 7.152895190531752823e-01 -1.009085003011398439e-02
3.391224565398504899e-03 7.158360047424449091e-01 -1.016994172607385907e-02
3.403581530159064793e-03 7.161906151527248632e-01 -1.029201100658208232e-02
3.414772429183795654e-03 7.163766068616949090e-01 -1.046195750630066028e-02
3.423466457795612192e-03 7.164094773693379103e-01 -1.069037024571110710e-02
3.431656797954743456e-03 7.162896801899254484e-01 -1.099050411112238029e-02
3.440065883455527447e-03 7.160105876054317919e-01 -1.137803369694255148e-02
3.448714980462654935e-03 7.155607722378490854e-01 -1.187220072079784444e-02
3.457825581080833065e-03 7.149401200496545705e-01 -1.248178952381857713e-02
3.467384841260401189e-03 7.141990812108091058e-01 -1.316985160161186254e-02
3.477196024810777671e-03 7.134052444105858370e-01 -1.391033356687841095e-02
3.487023371054075605e-03 7.126022126105515664e-01 -1.469841018450386214e-02
3.496765486175833302e-03 7.117819929859149353e-01 -1.553586866712740495e-02
3.506565825144761662e-03 7.109083175920174469e-01 -1.640442305995335956e-02
3.516477302850736300e-03 7.099683945821049225e-01 -1.726335671959187967e-02
3.526481791219036183e-03 7.089735081082451096e-01 -1.808062364142723477e-02
3.536586510088828364e-03 7.079393880116509052e-01 -1.882763304922390954e-02
3.546823082764263921e-03 7.068895269250031754e-01 -1.948329902050582180e-02
3.557118474111734853e-03 7.058407509083212128e-01 -2.001407065363159862e-02
3.567440670966939842e-03 7.048129838029262295e-01 -2.042240727462312291e-02
3.577756360264373100e-03 7.038198321211872610e-01 -2.072133533356543961e-02
3.588013046376643117e-03 7.028626460754149319e-01 -2.092210136616925314e-02
3.598290867105228413e-03 7.019417018825869770e-01 -2.103076606205184912e-02
3.608550030721846807e-03 7.010627176525503490e-01 -2.105898057412526614e-02
3.618798821181416596e-03 7.002259626395995751e-01 -2.101389235460020960e-02
3.628998715529874099e-03 6.994356119016050810e-01 -2.089859138831954080e-02
3.639213717446740555e-03 6.986905272681271928e-01 -2.071569936501044956e-02
3.649359541061306892e-03 6.979986902015137273e-01 -2.046034484565011774e-02
3.659371987243676370e-03 6.973569870374253243e-01 -2.012788423188409392e-02
3.669355882730881459e-03 6.967604071027866386e-01 -1.972212820902027527e-02
3.679289995336842110e-03 6.962114346922639863e-01 -1.924876519030440866e-02
3.689133961026349901e-03 6.957031747624676798e-01 -1.871057560635718334e-02
3.699039284919300712e-03 6.952321716556603137e-01 -1.811357244725565058e-02
3.709006568130281904e-03 6.947999707098914124e-01 -1.747481482762858196e-02
3.719015743292386836e-03 6.944049324667151968e-01 -1.680802605999200811e-02
3.729185217294012089e-03 6.940499568150907406e-01 -1.612836502714158626e-02
3.739465692604469847e-03 6.937407999570142092e-01 -1.546064910723270180e-02
3.749830153283836148e-03 6.934821430581628032e-01 -1.482047333315173084e-02
3.760269166475756902e-03 6.932755429922778934e-01 -1.421440870411928674e-02
3.770719682916149045e-03 6.931151716104476668e-01 -1.364991969040922626e-02
3.781205573592268891e-03 6.929939793187991359e-01 -1.312683086574622550e-02
3.791724200942488566e-03 6.929080313137992997e-01 -1.264675149356478054e-02
3.802286434862486506e-03 6.928532674217093845e-01 -1.221041829430543832e-02
3.812843061191830037e-03 6.928276307984605475e-01 -1.181673665151795026e-02
3.823395399593460583e-03 6.928289975739712059e-01 -1.146248296622297269e-02
3.833897556475984823e-03 6.928565400439599120e-01 -1.114464676256686493e-02
3.844277939386088559e-03 6.929123330133978298e-01 -1.085895096105375310e-02
3.854456834092677333e-03 6.930017227922883327e-01 -1.060109295434999432e-02
3.864321146084445744e-03 6.931331441061843179e-01 -1.036784364596298434e-02
3.873731046158805560e-03 6.933218901622714148e-01 -1.015695720353330250e-02
3.882655575238830141e-03 6.935945975559236754e-01 -9.967039355321729091e-03
3.891222859843642638e-03 6.939925841924763361e-01 -9.798615107568516697e-03
3.899665819871564812e-03 6.945709128634545149e-01 -9.655031217634809163e-03
3.908260846163226498e-03 6.953967742967140930e-01 -9.540294688247793337e-03
3.916855450112059940e-03 6.965365801528272671e-01 -9.456416955168385832e-03
3.925693570012300446e-03 6.980660746087710145e-01 -9.412317793189566018e-03
3.934832121588663703e-03 6.999932776063526596e-01 -9.422484690373090360e-03
3.944493309178813065e-03 7.022196098503142858e-01 -9.508062686161968674e-03
3.954609814051245238e-03 7.045321436656527547e-01 -9.651065154878081184e-03
3.965119954317163076e-03 7.067278460947868934e-01 -9.814824323398845668e-03
3.975893524638377322e-03 7.086800418160247306e-01 -9.960331507956280556e-03
3.986820458184301558e-03 7.103513132310160794e-01 -1.007227495565559024e-02
3.997904553249432419e-03 7.117404914987648379e-01 -1.015665259823008044e-02
4.009110493918822266e-03 7.128684070483458646e-01 -1.022089304276714225e-02
4.020517160108922142e-03 7.137577399206620488e-01 -1.028352512396454865e-02
4.032112065801845766e-03 7.144342736334380328e-01 -1.035833504360230903e-02
4.043742270137281811e-03 7.149338164006917573e-01 -1.045543193012120516e-02
4.055380806543231430e-03 7.152856561423360793e-01 -1.058628243020188174e-02
4.066573894440891554e-03 7.155087683021230660e-01 -1.075743951211344078e-02
4.076176541532547035e-03 7.156052067398874783e-01 -1.097632805275987854e-02
4.084598677405244793e-03 7.155674390134783014e-01 -1.125781915898280659e-02
4.092921221642450286e-03 7.153800029922851023e-01 -1.162066612066896786e-02
4.101492519560518725e-03 7.150217760440517045e-01 -1.208231886814802904e-02
4.110535693633583093e-03 7.144892301672253199e-01 -1.264220684261712670e-02
4.120005002332128782e-03 7.138306563577001551e-01 -1.327846720474121743e-02
4.129709473270899538e-03 7.131090922797039822e-01 -1.397382477390162435e-02
4.139426038191528802e-03 7.123606624640745899e-01 -1.472623154948984013e-02
4.149130797482821105e-03 7.115783539025517523e-01 -1.553594541829557765e-02
4.158918667889191165e-03 7.107382865910747416e-01 -1.637626120747313202e-02
4.168800958522891550e-03 7.098275736338808262e-01 -1.720900863975756423e-02
4.178770589131251649e-03 7.088577558208373208e-01 -1.800443899461901323e-02
4.188848526545220843e-03 7.078420309594588566e-01 -1.873427811524032427e-02
4.199062831848776427e-03 7.068042555857341203e-01 -1.937596221945216135e-02
4.209332030273644359e-03 7.057618830627863105e-01 -1.989326894053053060e-02
4.219637450639192669e-03 7.047351941957133992e-01 -2.028915290930733903e-02
4.229931627574391034e-03 7.037411042937129491e-01 -2.057662739913676195e-02
4.240178332227666214e-03 7.027792787006976738e-01 -2.076260667529479173e-02
4.250447363321830166e-03 7.018545207709236955e-01 -2.085310089400445668e-02
4.260693301975118814e-03 7.009733960037192180e-01 -2.086475564472163591e-02
4.270931643496969632e-03 7.001353483604036976e-01 -2.080046191364546410e-02
4.281113297758157125e-03 6.993428752039649865e-01 -2.066287056452932938e-02
4.291307347462828756e-03 6.985978435717835611e-01 -2.045245153078291758e-02
4.301408223954699024e-03 6.979079021952575568e-01 -2.016274990515395243e-02
4.311424838268422023e-03 6.972679623769093560e-01 -1.979407745650120162e-02
4.321420882330962929e-03 6.966787591393555079e-01 -1.935291490031778444e-02
4.331326750603429164e-03 6.961411471213683200e-01 -1.884578615252061051e-02
4.341218942261151903e-03 6.956461912623916888e-01 -1.827608003155247254e-02
4.351193868312196178e-03 6.951931489223851512e-01 -1.765729751110679466e-02
4.361183198636121687e-03 6.947835539241754566e-01 -1.700614523747367990e-02
4.371268489647002833e-03 6.944174440817579841e-01 -1.633268164941834022e-02
4.381504878252694135e-03 6.940997415867484754e-01 -1.565911736671119978e-02
4.391876421326003019e-03 6.938334502367906609e-01 -1.500582013387525941e-02
4.402292143456006113e-03 6.936259061481883093e-01 -1.438594255346648844e-02
4.412741591604488894e-03 6.934720777596081742e-01 -1.380476311851714863e-02
4.423177580264133976e-03 6.933646062129489307e-01 -1.326423311385895205e-02
4.433667723499731990e-03 6.932992762916793117e-01 -1.276408259961396043e-02
4.444174359986356217e-03 6.932729324495354728e-01 -1.230666631039134887e-02
4.454682513630796488e-03 6.932828539346105323e-01 -1.189188642622662079e-02
4.465143924455323467e-03 6.933286621756857837e-01 -1.151805655980009044e-02
4.475512510326461711e-03 6.934092586112723389e-01 -1.118186853694803397e-02
4.485703022856699779e-03 6.935270666729553835e-01 -1.087956809568708591e-02
4.495627279484872181e-03 6.936883510761783223e-01 -1.060682298695498314e-02
4.505210574723604589e-03 6.939053460251386474e-01 -1.036081705560166523e-02
4.514406297503514333e-03 6.942000601433098161e-01 -1.014144831105781228e-02
4.523258493389085283e-03 6.946074186543149676e-01 -9.950423298503889916e-03
4.531882581802135213e-03 6.951764534817842511e-01 -9.788766836426791504e-03
4.540429207141958440e-03 6.959678766545038808e-01 -9.657136042990604324e-03
4.549093075024402202e-03 6.970615387514806915e-01 -9.559125714238028010e-03
4.557927977389013285e-03 6.985105188732675385e-01 -9.506440094046541070e-03
4.567101596419225265e-03 7.003343835198333478e-01 -9.512432456638150388e-03
4.576746444270530546e-03 7.024264833201928626e-01 -9.594186494027545642e-03
4.586901976645321038e-03 7.045982772630132729e-01 -9.730680653179932249e-03
4.597419835980107346e-03 7.066604716295065147e-01 -9.889820684355248373e-03
4.608165532481315121e-03 7.084947429637689087e-01 -1.003529838811909047e-02
4.619101747397686732e-03 7.100650281926403906e-01 -1.015229112666116151e-02
4.630163139086756509e-03 7.113753653503913643e-01 -1.024787359525361138e-02
4.641383557242932147e-03 7.124386430208896615e-01 -1.032608309204372833e-02
4.652676640962330641e-03 7.132831739732641285e-01 -1.040373046021358071e-02
4.664090210756757608e-03 7.139411899814084306e-01 -1.049071562343631761e-02
4.675540728259294614e-03 7.144379489312020493e-01 -1.059714758459253878e-02
4.686976046933324230e-03 7.148041273147012209e-01 -1.073154279383987941e-02
4.698076578836953877e-03 7.150531040251496551e-01 -1.090303954207632112e-02
4.708111388502130706e-03 7.151850172986914389e-01 -1.112111468665831319e-02
4.716772070400534513e-03 7.151871844852903948e-01 -1.139720949105491911e-02
4.725116984224874903e-03 7.150416676954258755e-01 -1.175028511790813385e-02
4.733671520573884406e-03 7.147257818329202372e-01 -1.219479003864533048e-02
4.742682805072388763e-03 7.142376194292672231e-01 -1.272944626033729355e-02
4.752099508957759698e-03 7.136239162655557688e-01 -1.333943791883308513e-02
4.761737985781707393e-03 7.129405377089027551e-01 -1.401316513415022669e-02
4.771396245857180765e-03 7.122202190182774784e-01 -1.474946620880644536e-02
4.781084587174416409e-03 7.114578828418135492e-01 -1.554619310006974571e-02
4.790861550118923062e-03 7.106347667402704849e-01 -1.637185596388275599e-02
4.800731799227212111e-03 7.097383882999276361e-01 -1.719098298117541571e-02
4.810685404123682743e-03 7.087805277148113703e-01 -1.797409744113069585e-02
4.820753606698358756e-03 7.077741570356547163e-01 -1.869355596628363703e-02
4.830958846335606412e-03 7.067430993276954121e-01 -1.932549623087528173e-02
4.841217723666542579e-03 7.057052799315637337e-01 -1.983350386167519880e-02
4.851517278949111708e-03 7.046808251807998857e-01 -2.022130966908935665e-02
4.861798349635619576e-03 7.036874020848911115e-01 -2.050082551055701016e-02
4.872046676808567192e-03 7.027242856091038270e-01 -2.067695446887792693e-02
4.882313158845867120e-03 7.017991445928185579e-01 -2.075704467250330879e-02
4.892549267083773010e-03 7.009187288934828342e-01 -2.075880225499044870e-02
4.902772361339198699e-03 7.000812302717910329e-01 -2.068362562829133278e-02
4.912954043557196671e-03 6.992886816386391091e-01 -2.053353334917538617e-02
4.923130938423030643e-03 6.985453843638189664e-01 -2.030731418436010696e-02
4.933203463535667903e-03 6.978580632964989094e-01 -1.999883259973822894e-02
4.943225709126118812e-03 6.972213543217784526e-01 -1.961110695389905317e-02
4.953230763431742609e-03 6.966388050342531280e-01 -1.915156806055123145e-02
4.963133993292886958e-03 6.961091120993732062e-01 -1.862714953137081450e-02
4.973057118573091795e-03 6.956236301633080821e-01 -1.804302819707238534e-02
4.983060660645811588e-03 6.951828085264044610e-01 -1.741589906259341514e-02
4.993073443296561567e-03 6.947879262123198840e-01 -1.675946454495700830e-02
5.003215237829654501e-03 6.944403962810530295e-01 -1.608557817287039476e-02
5.013476767919517255e-03 6.941453267154950035e-01 -1.541756682486413593e-02
5.023877597460823380e-03 6.939051495533560265e-01 -1.477397367354610011e-02
5.034312776292749689e-03 6.937267583643222935e-01 -1.416616647456780433e-02
5.044756449279610977e-03 6.936019909763420088e-01 -1.359793370244895619e-02
5.055192181038358802e-03 6.935243681663884052e-01 -1.306945920865557227e-02
5.065675791901105840e-03 6.934915585911101132e-01 -1.258179829225089530e-02
5.076150518325834270e-03 6.935001226573267452e-01 -1.213688296755370544e-02
5.086594468637199197e-03 6.935486857394620452e-01 -1.173382882334027266e-02
5.096948786187832300e-03 6.936371039191673304e-01 -1.137065871438601439e-02
5.107154276842329477e-03 6.937663252395374069e-01 -1.104413304060004528e-02
5.117130643797991596e-03 6.939407358537660331e-01 -1.075078328101183346e-02
5.126793896574754691e-03 6.941698055083180829e-01 -1.048742964938385869e-02
5.136086490715948555e-03 6.944719709582398703e-01 -1.025332464998012991e-02
5.145022694055860490e-03 6.948768483131171347e-01 -1.004914578575149750e-02
5.153723656333555891e-03 6.954282663166998502e-01 -9.875231328299136080e-03
5.162407798115851119e-03 6.961874937419924025e-01 -9.732049458210339024e-03
5.171045382315992214e-03 6.972291206043547129e-01 -9.624140667377959965e-03
5.179903120238363995e-03 6.986139169016766237e-01 -9.563408437547009713e-03
5.189052423216963632e-03 7.003536022801495342e-01 -9.561708194574667502e-03
5.198683877941459933e-03 7.023615862689061018e-01 -9.635470508819824961e-03
5.208779779510293306e-03 7.044540712413522865e-01 -9.764871878975050351e-03
5.219281241423867970e-03 7.064558207368734077e-01 -9.920659668839712855e-03
5.230009678730963667e-03 7.082458293393190107e-01 -1.006822691349052584e-02
5.240904003367245073e-03 7.097831952648191445e-01 -1.018992749082310231e-02
5.251964973458366458e-03 7.110705134138446404e-01 -1.029291519211399976e-02
5.263112122640462368e-03 7.121172451585171537e-01 -1.038008586973922232e-02
5.274372720681758456e-03 7.129587417143453676e-01 -1.046470170705009368e-02
5.285708290571535656e-03 7.136176813510272110e-01 -1.055763993282953471e-02
5.297085192460365341e-03 7.141265143325060682e-01 -1.066810267949401016e-02
5.308365973046730649e-03 7.145079655152193343e-01 -1.080275555549635794e-02
5.319484615266557512e-03 7.147787790099631167e-01 -1.097152886356980196e-02
5.329762586793279806e-03 7.149376476571258632e-01 -1.118487341235108526e-02
5.338687139873959583e-03 7.149707039065521519e-01 -1.145334233103866353e-02
5.347062314950405681e-03 7.148592117082840369e-01 -1.179341582515924629e-02
5.355592318812217242e-03 7.145804083521217764e-01 -1.221982857710405927e-02
5.364550492207307078e-03 7.141313179884556384e-01 -1.273265380233769804e-02
5.373901582742257599e-03 7.135530973599739646e-01 -1.332141518452777638e-02
5.383484546401655704e-03 7.128968969483954199e-01 -1.397780443733262663e-02
5.393109623247384354e-03 7.121964782130900673e-01 -1.469994822989018415e-02
5.402783236628347537e-03 7.114504693308283390e-01 -1.548522098128699530e-02
5.412551679852856124e-03 7.106431159737578440e-01 -1.630174917384891869e-02
5.422405039938535051e-03 7.097608553504340945e-01 -1.711447385384949962e-02
5.432345890078326030e-03 7.088147120383113675e-01 -1.789441793002237088e-02
5.442402826153149194e-03 7.078169118917820857e-01 -1.861361950004896196e-02
5.452592189557271818e-03 7.067912926646411353e-01 -1.924818414742540326e-02
5.462841314210366457e-03 7.057564804527487468e-01 -1.976119431622239131e-02
5.473130272257733381e-03 7.047318118663292719e-01 -2.015334223463006308e-02
5.483409005450687497e-03 7.037364548978853884e-01 -2.043673366130931493e-02
5.493656423483780568e-03 7.027703670793292723e-01 -2.061521842258840637e-02
5.503923461949647780e-03 7.018418448490413297e-01 -2.069654005396941512e-02
5.514159855609970275e-03 7.009584569303689561e-01 -2.069854843054323712e-02
5.524377545457811317e-03 7.001177982721574766e-01 -2.062338242686599654e-02
5.534559279079588091e-03 6.993217086296770191e-01 -2.047222147907863318e-02
5.544734082330548576e-03 6.985752558100598586e-01 -2.024318591697284175e-02
5.554804207022821620e-03 6.978853746785586010e-01 -1.993075419734341783e-02
5.564830709859143465e-03 6.972470162436951169e-01 -1.953839311190491701e-02
5.574842185863059310e-03 6.966642651778994777e-01 -1.907415683181517066e-02
5.584752979122551385e-03 6.961357087862772852e-01 -1.854528900895384760e-02
5.594689384580926045e-03 6.956527335743342144e-01 -1.795803084803456601e-02
5.604700640198805213e-03 6.952159181164256907e-01 -1.732961866063592593e-02
5.614725861798125148e-03 6.948265342642695463e-01 -1.667266688235776936e-02
5.624883860696185123e-03 6.944865171223691958e-01 -1.599994223544246377e-02
5.635153499652397965e-03 6.942008248465424414e-01 -1.533438158093947123e-02
5.645562404660441243e-03 6.939717095458668439e-01 -1.469416353905158949e-02
5.656000061863003005e-03 6.938057142739488814e-01 -1.409047230720342735e-02
5.666436662922309450e-03 6.936941187033366374e-01 -1.352621602607707689e-02
5.676868981172947422e-03 6.936309553917324733e-01 -1.300153445028305599e-02
5.687343371015603742e-03 6.936143549699305133e-01 -1.251785373605172544e-02
5.697794542001724701e-03 6.936411713468618734e-01 -1.207695950376687366e-02
5.708192096438081432e-03 6.937101650237657013e-01 -1.167752757113245041e-02
5.718482019923301282e-03 6.938214593638081240e-01 -1.131737588192105459e-02
5.728601622730737468e-03 6.939770313449072914e-01 -1.099392133176910029e-02
5.738473082520397645e-03 6.941822542693304454e-01 -1.070412722655726158e-02
5.748022305209456000e-03 6.944484062200664276e-01 -1.044541123231461019e-02
5.757216034573954706e-03 6.947965948581416029e-01 -1.021724830852552106e-02
5.766098322393824194e-03 6.952602434447380242e-01 -1.001985767408353385e-02
5.774775953694249661e-03 6.958878308126857926e-01 -9.853300420469345705e-03
5.783436785990650475e-03 6.967457029478993924e-01 -9.718844818249807241e-03
5.792180809372855267e-03 6.979085918061086469e-01 -9.627024861654419341e-03
5.801140223553199159e-03 6.994186487542266573e-01 -9.586127782808855774e-03
5.810506831483814097e-03 7.012540589131288638e-01 -9.615969460242276834e-03
5.820353264106916356e-03 7.032754400003247142e-01 -9.713913622207226081e-03
5.830597554551690889e-03 7.053024435963074490e-01 -9.855181581767229193e-03
5.841197956714225432e-03 7.071827093621989579e-01 -1.001120562243964542e-02
5.852024656612555935e-03 7.088343208291375541e-01 -1.014873126563115360e-02
5.862978597251494381e-03 7.102382697621791863e-01 -1.026443751609354763e-02
5.874069679358964041e-03 7.113987490857990315e-01 -1.036405697501833340e-02
5.885216967134418095e-03 7.123410231993233532e-01 -1.045266225947490309e-02
5.896513837266388093e-03 7.130927826348156806e-01 -1.054445250786088806e-02
5.907787813758670972e-03 7.136822445886548127e-01 -1.064755953628864805e-02
5.919112402583255605e-03 7.141360146633202177e-01 -1.077018531768102888e-02
5.930319768898341566e-03 7.144752918627417237e-01 -1.091942221253076536e-02
5.941193277688542294e-03 7.147078135938917942e-01 -1.110534843883750900e-02
5.951011573182043470e-03 7.148265276488927622e-01 -1.133942833248596273e-02
5.959658023815061524e-03 7.148133236561207138e-01 -1.163285805698042498e-02
5.968060232698092424e-03 7.146472426411577539e-01 -1.200256943820223604e-02
5.976754142549636946e-03 7.143098569984790425e-01 -1.245773258190686905e-02
5.985881665330243344e-03 7.138175177976500141e-01 -1.299401108615353545e-02
5.995312358350551526e-03 7.132173411994281453e-01 -1.360256579856243021e-02
6.004911498976545775e-03 7.125537339200624931e-01 -1.427990010079143932e-02
6.014537984691079031e-03 7.118447442548737625e-01 -1.502540302115350224e-02
6.024260829207202933e-03 7.110823367736608391e-01 -1.582478432465787843e-02
6.034028246526497441e-03 7.102497714797507689e-01 -1.663733612969672815e-02
6.043930658095842019e-03 7.093442044915977407e-01 -1.743574302709292520e-02
6.053918087277256749e-03 7.083776838732558367e-01 -1.818914190535570602e-02
6.064014275869955735e-03 7.073691889377092812e-01 -1.887344117468140597e-02
6.074241087218031597e-03 7.063400716595396034e-01 -1.945708214285760129e-02
6.084493735105825883e-03 7.053083780380476897e-01 -1.991420179396149320e-02
6.094795249192521726e-03 7.042955898917760971e-01 -2.025809175422352629e-02
6.105042799366491163e-03 7.033129439204436339e-01 -2.049406835577686006e-02
6.115322049335390232e-03 7.023606811006611883e-01 -2.062702697593821882e-02
6.125601557848883022e-03 7.014510990791684719e-01 -2.066973793767685683e-02
6.135818197477299618e-03 7.005860278274358421e-01 -2.063653484877960367e-02
6.146010807423551991e-03 6.997640130721871632e-01 -2.052569897130951393e-02
6.156191310987110289e-03 6.989877615795375698e-01 -2.033791461542218404e-02
6.166334300838480741e-03 6.982658177081586537e-01 -2.006857798924003428e-02
6.176366612956513645e-03 6.975991569587065566e-01 -1.971528007131455665e-02
6.186391355656887907e-03 6.969852861797556365e-01 -1.928607011339697128e-02
6.196358640148631053e-03 6.964295169949031861e-01 -1.878865770560167806e-02
6.206275146707502730e-03 6.959237028275272463e-01 -1.822878310144020186e-02
6.216260134108087844e-03 6.954637800263824277e-01 -1.761882872882026760e-02
6.226268699195848869e-03 6.950519985825900360e-01 -1.697606969581907585e-02
6.236353441823465869e-03 6.946892013103309615e-01 -1.630929006354243926e-02
6.246581863905957370e-03 6.943790744532811754e-01 -1.563872723687189173e-02
6.256931845516768877e-03 6.941252691277255416e-01 -1.498453830072921100e-02
6.267364515966099801e-03 6.939326520080394411e-01 -1.436296979586346168e-02
6.277791379128599622e-03 6.938010203638220741e-01 -1.378001493085172224e-02
6.288220875148520239e-03 6.937207437175318958e-01 -1.323654436497983394e-02
6.298673493612784620e-03 6.936887896050245583e-01 -1.273274067690417094e-02
6.309128107179834237e-03 6.937033385195583435e-01 -1.227160915675196140e-02
6.319537071399000498e-03 6.937616213544668398e-01 -1.185259615777754100e-02
6.329855652815615484e-03 6.938633929782795917e-01 -1.147383052235715489e-02
6.340030670663961837e-03 6.940097598654478839e-01 -1.113301708648951546e-02
6.349987293718748621e-03 6.942049194468037365e-01 -1.082780824905005788e-02
6.359663374435381780e-03 6.944571215762483929e-01 -1.055534640855659671e-02
6.369000656502110148e-03 6.947831209458475987e-01 -1.031412981765873933e-02
6.378013991101765846e-03 6.952115025367037182e-01 -1.010408387548359169e-02
6.386828061996370487e-03 6.957852782801381419e-01 -9.925189252601843148e-03
6.395494556431929878e-03 6.965656807689832863e-01 -9.777871726590557297e-03
6.404185442428992486e-03 6.976217796810026961e-01 -9.670483311139071655e-03
6.413066926115907306e-03 6.990129677233768435e-01 -9.612134029643570193e-03
6.422300935357871596e-03 7.007418773768423481e-01 -9.618486007643369320e-03
6.432006968743199035e-03 7.027000968584375951e-01 -9.697175916512673632e-03
6.442132708141647471e-03 7.047146326552771178e-01 -9.827353082484330607e-03
6.452642891315495122e-03 7.066249736600129783e-01 -9.982062362211292089e-03
6.463421878902276055e-03 7.083264499847909956e-01 -1.012698688315063177e-02
6.474325497711290976e-03 7.097850265529518365e-01 -1.024919383536778729e-02
6.485386205899469451e-03 7.110010881960009410e-01 -1.035571878095268086e-02
6.496531577619950835e-03 7.119947421932316667e-01 -1.044938460699625614e-02
6.507784884046434980e-03 7.127928408855228604e-01 -1.054150231573086280e-02
6.519035734200142804e-03 7.134239309624353931e-01 -1.064283877264991275e-02
6.530330391563223674e-03 7.139154643041863979e-01 -1.076121808671618059e-02
6.541530603888929575e-03 7.142888557152100582e-01 -1.090261844268666271e-02
6.552563259974946916e-03 7.145569194597145568e-01 -1.107700144690542537e-02
6.562794094063371941e-03 7.147161226548476298e-01 -1.129511437855505035e-02
6.571766550470933312e-03 7.147506407036127163e-01 -1.156833640060283414e-02
6.580179827496988702e-03 7.146392978795361728e-01 -1.191107084248808727e-02
6.588756378834277616e-03 7.143616375635885030e-01 -1.233631146907735072e-02
6.597753494259969362e-03 7.139211416177299041e-01 -1.284368903443456472e-02
6.607092398431106857e-03 7.133582456256890580e-01 -1.342578982827162364e-02
6.616648562771768570e-03 7.127183725826934380e-01 -1.407886802615094732e-02
6.626245880278746822e-03 7.120293026779784817e-01 -1.480129912727130327e-02
6.635925184541648439e-03 7.112888811443193182e-01 -1.558571526872669019e-02
6.645681380925807895e-03 7.104826645826147757e-01 -1.639468447047677871e-02
6.655545031610877668e-03 7.096000619056584968e-01 -1.719771255305651073e-02
6.665487118906613176e-03 7.086533582205176707e-01 -1.796478588417844968e-02
6.675548096679536671e-03 7.076566501480318072e-01 -1.866939163496183357e-02
6.685746522827333733e-03 7.066330847592003916e-01 -1.928513777093683601e-02
6.695990845079643171e-03 7.056014431948467447e-01 -1.977739633071430234e-02
6.706283317974241938e-03 7.045814152967659894e-01 -2.015186830080029426e-02
6.716548360519076534e-03 7.035904065529732243e-01 -2.041760368651374113e-02
6.726810941053314868e-03 7.026278475964229386e-01 -2.057803631225926105e-02
6.737087487938050318e-03 7.017050869302839944e-01 -2.064318655626576002e-02
6.747312078002681672e-03 7.008278336370056261e-01 -2.063058663314281532e-02
6.757513784405578400e-03 6.999929455482273299e-01 -2.054024020382603025e-02
6.767695370268681822e-03 6.992026425938908663e-01 -2.037285178744856901e-02
6.777858138543502511e-03 6.984643543133618460e-01 -2.012483140473775647e-02
6.787901650681968206e-03 6.977829751289617022e-01 -1.979209114402280881e-02
6.797927570959465086e-03 6.971539433676009478e-01 -1.938077323026289947e-02
6.807935080155278450e-03 6.965830033005548927e-01 -1.889908272354367050e-02
6.817851767678141314e-03 6.960653889197121469e-01 -1.835395262304831410e-02
6.827817280867486301e-03 6.955942166780625380e-01 -1.775476682221843044e-02
6.837831570238614952e-03 6.951712418560366258e-01 -1.711942770822580395e-02
6.847888072045856152e-03 6.947974122244221507e-01 -1.645774475579881921e-02
6.858089709861892730e-03 6.944756388562853822e-01 -1.578656736591955642e-02
6.868398472616910402e-03 6.942105063767477491e-01 -1.512732860249344294e-02
6.878824733160512732e-03 6.940048713343197617e-01 -1.449745687763345954e-02
6.889258863696075263e-03 6.938628108874459466e-01 -1.390549678688280007e-02
6.899691845468174101e-03 6.937742758402263288e-01 -1.335287651325200997e-02
6.910129685253288238e-03 6.937351710265463600e-01 -1.283976964343163350e-02
6.920586390466159678e-03 6.937439405214937960e-01 -1.236865031224070391e-02
6.930996351275239831e-03 6.937976750807635096e-01 -1.194006576554143377e-02
6.941320673675894538e-03 6.938956608070387944e-01 -1.155216062146985877e-02
6.951515188378640069e-03 6.940386970522472998e-01 -1.120267406709741370e-02
6.961504639400654254e-03 6.942305002508261103e-01 -1.088959614410033028e-02
6.971219682752491549e-03 6.944783375752021648e-01 -1.061022571689902022e-02
6.980615373048159114e-03 6.947971633191798446e-01 -1.036265663336124326e-02
6.989704253717669499e-03 6.952132225013079037e-01 -1.014655451516753223e-02
6.998538949973464804e-03 6.957670066195806857e-01 -9.961824792162126893e-03
7.007197578244409551e-03 6.965155906341756742e-01 -9.808538592173185813e-03
7.015896953348343609e-03 6.975290452283243736e-01 -9.694561404655391637e-03
7.024751886241022494e-03 6.988680446708538385e-01 -9.628848291791768446e-03
7.033934529553070164e-03 7.005460714317108817e-01 -9.625367228238434353e-03
7.043591617721169443e-03 7.024685532387178188e-01 -9.695386431104551644e-03
7.053665456791496750e-03 7.044681684087830131e-01 -9.819821716849355328e-03
7.064134493973677625e-03 7.063829770887273263e-01 -9.972363029277233129e-03
7.074882826766226013e-03 7.080999745226949083e-01 -1.012014745304703686e-02
7.085765517764068544e-03 7.095779264208639248e-01 -1.024530404122660394e-02
7.096807459502810049e-03 7.108146463693406636e-01 -1.035508489605941294e-02
7.107932759752907254e-03 7.118283595518728468e-01 -1.045160967396906171e-02
7.119149391828000564e-03 7.126445832602708030e-01 -1.054480625093211395e-02
7.130387205808661095e-03 7.132930720533019464e-01 -1.064620407656324645e-02
7.141653671290266840e-03 7.138003664081959965e-01 -1.076325679108966482e-02
7.152859090897539622e-03 7.141885520017562383e-01 -1.090217572323426767e-02
7.163925565880504588e-03 7.144717358413078534e-01 -1.107222045638681443e-02
7.174322682314002511e-03 7.146481151720731617e-01 -1.128389683608631809e-02
7.183484978865567992e-03 7.147031595009578631e-01 -1.154897308842873192e-02
7.191929547559866055e-03 7.146154874912884480e-01 -1.188050827157415001e-02
7.200467519304263112e-03 7.143643191079156463e-01 -1.229252390552966825e-02
7.209404413689024863e-03 7.139486727092395624e-01 -1.278646605610216265e-02
7.218695821537926029e-03 7.134049678236941139e-01 -1.335606263110520817e-02
7.228220682138510218e-03 7.127780284940000710e-01 -1.399770772372359827e-02
7.237804401100575956e-03 7.120988866565679531e-01 -1.470955311914334297e-02
7.247467909835595377e-03 7.113684586773022511e-01 -1.548613778963838297e-02
7.257224357163701012e-03 7.105737761485835247e-01 -1.629238865068332459e-02
7.267070097243907845e-03 7.097021260578231239e-01 -1.709586694883651059e-02
7.276999700245524033e-03 7.087646952756233576e-01 -1.786738062844923577e-02
7.287049327351159504e-03 7.077740257639073551e-01 -1.857951707155176130e-02
7.297232245298765525e-03 7.067537410034138157e-01 -1.920726940668229105e-02
7.307473442844649066e-03 7.057229639608283422e-01 -1.971426726121391915e-02
7.317755129858692816e-03 7.047006225226442044e-01 -2.010143867765996559e-02
7.328025053537511393e-03 7.037061180681782879e-01 -2.037955955676148956e-02
7.338278011613054430e-03 7.027396288173274330e-01 -2.055143374532566666e-02
7.348548533476013250e-03 7.018114850222719747e-01 -2.062624196762898737e-02
7.358780078101654146e-03 7.009289607248903042e-01 -2.062175574652455948e-02
7.368985707868602048e-03 7.000887788771804621e-01 -2.053974150797141518e-02
7.379167974678031705e-03 6.992927467637582994e-01 -2.038046658084074342e-02
7.389336827418522408e-03 6.985477861290479984e-01 -2.014077595081168598e-02
7.399393231972950166e-03 6.978601578097521907e-01 -1.981621214179177942e-02
7.409421770183090283e-03 6.972251014545369774e-01 -1.941187294678880723e-02
7.419438566788078698e-03 6.966478616297756554e-01 -1.893630402344636393e-02
7.429358427095059461e-03 6.961254475314112566e-01 -1.839694148165456344e-02
7.439318632991420016e-03 6.956499977733677786e-01 -1.780220773128510584e-02
7.449335474356312548e-03 6.952228257758215069e-01 -1.716988681447099985e-02
7.459384637324473037e-03 6.948450173735813973e-01 -1.651055485888848137e-02
7.469574246232424733e-03 6.945192649781428695e-01 -1.583964808306445940e-02
7.479869597092353960e-03 6.942502915024809651e-01 -1.517896734920496683e-02
7.490289838500578667e-03 6.940403997530172342e-01 -1.454614646467618580e-02
7.500727658704076095e-03 6.938947831476479644e-01 -1.395088889698298078e-02
7.511158521590690328e-03 6.938038803605318661e-01 -1.339493941116628485e-02
7.521590268301567468e-03 6.937629985168600744e-01 -1.287844913107176296e-02
7.532046189242033209e-03 6.937706167875652419e-01 -1.240363468236311585e-02
7.542456203490195514e-03 6.938238960371657660e-01 -1.197153160312098077e-02
7.552780663720305536e-03 6.939219133887418733e-01 -1.158025484819804989e-02
7.562976319151843742e-03 6.940653924078182824e-01 -1.122754747471335808e-02
7.572972233059354664e-03 6.942579383648214142e-01 -1.091153731077605139e-02
7.582697490174200930e-03 6.945065448086847892e-01 -1.062965860396221374e-02
7.592103085843915529e-03 6.948256376371869658e-01 -1.037989747346439520e-02
7.601198269076007118e-03 6.952408026251220008e-01 -1.016180517066552456e-02
7.610035543853453828e-03 6.957916649616573412e-01 -9.975204481586598393e-03
7.618697461278247166e-03 6.965344314010423199e-01 -9.820141769415730026e-03
7.627413743830861043e-03 6.975392431085152278e-01 -9.704686702733226339e-03
7.636263614904428496e-03 6.988654792372068769e-01 -9.637333955622577261e-03
7.645440676181209858e-03 7.005293791056846908e-01 -9.632065234226879630e-03
7.655091818098785049e-03 7.024382992285692628e-01 -9.700266942669821466e-03
7.665156175168712227e-03 7.044275875642745932e-01 -9.823260420098716555e-03
7.675615473287958519e-03 7.063358422556235139e-01 -9.975086350882523753e-03
7.686360588862245144e-03 7.080492309264645456e-01 -1.012333605456006494e-02
7.697240362309871499e-03 7.095256161944599738e-01 -1.024928584381998471e-02
7.708271881617541170e-03 7.107617506559867904e-01 -1.036016050626713432e-02
7.719394551054989916e-03 7.117761054966654788e-01 -1.045793191363485371e-02
7.730586365972832129e-03 7.125932385157808246e-01 -1.055208283155459163e-02
7.741818772231616463e-03 7.132439809133482855e-01 -1.065422716537278193e-02
7.753065565182800691e-03 7.137536815217274677e-01 -1.077165024225159619e-02
7.764271226359017140e-03 7.141448344540968218e-01 -1.091061660555116622e-02
7.775336129913885085e-03 7.144313622333481328e-01 -1.108012446993551087e-02
7.785766830998847379e-03 7.146118397084390006e-01 -1.129062202553706047e-02
7.794974119763937136e-03 7.146719644036264585e-01 -1.155408975910084124e-02
7.803430274872791284e-03 7.145900709029603393e-01 -1.188313177508458843e-02
7.811965382439621346e-03 7.143455062726949967e-01 -1.229177806970763349e-02
7.820891104757570628e-03 7.139368569201375303e-01 -1.278190843320148665e-02
7.830169109517748707e-03 7.133993463458937478e-01 -1.334782957089823002e-02
7.839683055633683492e-03 7.127771362824444346e-01 -1.398633864190830349e-02
7.849260995250741460e-03 7.121014988924868616e-01 -1.469559407724238716e-02
7.858921110537089513e-03 7.113740703246684838e-01 -1.547012478763938603e-02
7.868676726772182162e-03 7.105823418771529676e-01 -1.627501680314409963e-02
7.878518907873742483e-03 7.097134222138076209e-01 -1.707772277137039468e-02
7.888445937395162366e-03 7.087782680447350936e-01 -1.784918374672481503e-02
7.898493664863682692e-03 7.077892451020419973e-01 -1.856189736007800295e-02
7.908672694677416556e-03 7.067700166586796673e-01 -1.919092828595105743e-02
7.918912198510028033e-03 7.057397730102871192e-01 -1.969979630296818385e-02
7.929190725093361244e-03 7.047173279255857237e-01 -2.008860952767608371e-02
7.939460903150737103e-03 7.037223389597251355e-01 -2.036828658644922185e-02
7.949712958563365239e-03 7.027552069938334256e-01 -2.054145415503115871e-02
7.959982903799686996e-03 7.018262491749687193e-01 -2.061729955078791046e-02
7.970215334338144955e-03 7.009429385464478468e-01 -2.061356411117322082e-02
7.980420423049505371e-03 7.001019512100246089e-01 -2.053232254627642209e-02
7.990602801335247585e-03 6.993050189005005635e-01 -2.037367317691108834e-02
8.000772006730940203e-03 6.985591323708150169e-01 -2.013441784308340338e-02
8.010829630860265629e-03 6.978706923231177139e-01 -1.981015984098789817e-02
8.020858823624717540e-03 6.972349852420371974e-01 -1.940595565001907927e-02
8.030877039050856800e-03 6.966572195970179848e-01 -1.893044506545757746e-02
8.040798407354691688e-03 6.961345604276706345e-01 -1.839115582245678601e-02
8.050759572066358907e-03 6.956590892352565447e-01 -1.779656866480796781e-02
8.060777484327220563e-03 6.952320904559982084e-01 -1.716443727009312956e-02
8.070827540982535714e-03 6.948546660108685380e-01 -1.650532754722545958e-02
8.081017547532168277e-03 6.945295274659596396e-01 -1.583468439030643465e-02
8.091313036973397585e-03 6.942613843306996158e-01 -1.517423456740178180e-02
8.101732765817952833e-03 6.940524839228199294e-01 -1.454159533685561723e-02
8.112170841213850458e-03 6.939080149254002183e-01 -1.394652615062422045e-02
8.122600686053386629e-03 6.938185152025224678e-01 -1.339074822603827063e-02
8.133031221350454226e-03 6.937792838626082315e-01 -1.287441799455768532e-02
8.143484941434299754e-03 6.937888250377551858e-01 -1.239976313455894673e-02
8.153890773320734281e-03 6.938443138843453095e-01 -1.196785747296414369e-02
8.164208413379758431e-03 6.939448556445078076e-01 -1.157674360719761035e-02
8.174395107510480651e-03 6.940912228923523664e-01 -1.122418189394033990e-02
8.184380826612781476e-03 6.942871284681279009e-01 -1.090836036684482251e-02
8.194095613007375961e-03 6.945396723228757230e-01 -1.062677249544305425e-02
8.203492788621122994e-03 6.948634898035741525e-01 -1.037743723565536999e-02
8.212583083742354059e-03 6.952844405525908655e-01 -1.015989006746452657e-02
8.221419701562444199e-03 6.958426014255214564e-01 -9.973882626499378304e-03
8.230082755606745251e-03 6.965947711730581249e-01 -9.819663470058916446e-03
8.238811035777957384e-03 6.976106620994125818e-01 -9.705841089106366157e-03
8.247669923639133066e-03 6.989482022885692425e-01 -9.640371437133248012e-03
8.256868307986735614e-03 7.006207385059162185e-01 -9.638236471059545216e-03
8.266539763331434351e-03 7.025302105556205934e-01 -9.708890779558906545e-03
8.276622646751019899e-03 7.045129309819645469e-01 -9.833257256673473903e-03
8.287090814654434617e-03 7.064085332692937591e-01 -9.985565534555542258e-03
8.297849636383235541e-03 7.081067829733573848e-01 -1.013292707485611600e-02
8.308737529502913804e-03 7.095689373707940728e-01 -1.025833860762626407e-02
8.319763955123843716e-03 7.107915665128794469e-01 -1.036908226946578644e-02
8.330891374916328876e-03 7.117946146798910245e-01 -1.046710918345530698e-02
8.342068268280057250e-03 7.126021713545415137e-01 -1.056203672934706746e-02
8.353300416783695365e-03 7.132457881638517572e-01 -1.066527423138840386e-02
8.364533326092266421e-03 7.137497816380230509e-01 -1.078403305536706699e-02
8.375734063191739298e-03 7.141366153903903058e-01 -1.092444678981556623e-02
8.386783927233059516e-03 7.144194461547428432e-01 -1.109561986931058460e-02
8.397176223121026115e-03 7.145961920491902264e-01 -1.130805193677783364e-02
8.406342834918659190e-03 7.146521051500956956e-01 -1.157378337039434782e-02
8.414794245028457340e-03 7.145652004929201606e-01 -1.190542576146501157e-02
8.423345627373315242e-03 7.143152290016226980e-01 -1.231659621400239130e-02
8.432288350726114406e-03 7.139025007768839970e-01 -1.280881630694313648e-02
8.441576538620097422e-03 7.133628718409548153e-01 -1.337656125106267795e-02
8.451093764236767419e-03 7.127400461111836893e-01 -1.401715195830271175e-02
8.460670388090417438e-03 7.120637939545563233e-01 -1.472881967780520322e-02
8.470334820701551359e-03 7.113350285201938128e-01 -1.550500293372982473e-02
8.480088194555828254e-03 7.105410198342604344e-01 -1.630951803343377512e-02
8.489935398787425494e-03 7.096696405328359880e-01 -1.711088446494141505e-02
8.499864762832317483e-03 7.087323778034273491e-01 -1.787973492386759136e-02
8.509915194625055496e-03 7.077421302641161427e-01 -1.858887514377667929e-02
8.520099901959041905e-03 7.067224210119704697e-01 -1.921284535572227378e-02
8.530339900879672574e-03 7.056923887904873460e-01 -1.971568669307755331e-02
8.540622246008289578e-03 7.046710115590316681e-01 -2.009932640564451520e-02
8.550889107214708351e-03 7.036773779601153134e-01 -2.037386854816981840e-02
8.561145647770024292e-03 7.027115765625430166e-01 -2.054205635641494221e-02
8.571418210914788158e-03 7.017845692924916667e-01 -2.061355624770390763e-02
8.581647125973456899e-03 7.009032667797117089e-01 -2.060607383332387771e-02
8.591849180932014524e-03 7.000641963514415700e-01 -2.052094309283598525e-02
8.602031577079878241e-03 6.992693104223610678e-01 -2.035830092425627499e-02
8.612198028673769684e-03 6.985260107010611286e-01 -2.011461263744196079e-02
8.622248873076535439e-03 6.978401422133223564e-01 -1.978579975056681331e-02
8.632276326828317373e-03 6.972070786152279043e-01 -1.937750145061906126e-02
8.642291811132468346e-03 6.966323675513036440e-01 -1.889831287490580450e-02
8.652213885323846096e-03 6.961123168167221431e-01 -1.835561407921026261e-02
8.662180026253468376e-03 6.956394618624617276e-01 -1.775852166156456288e-02
8.672197820041766675e-03 6.952153444764451740e-01 -1.712484454522553157e-02
8.682253516710128696e-03 6.948410098195698659e-01 -1.646463863751045781e-02
8.692451340533291146e-03 6.945193208213427116e-01 -1.579422701759854164e-02
8.702755748450897999e-03 6.942549132221443875e-01 -1.513499703494522453e-02
8.713179009644715298e-03 6.940502064199793875e-01 -1.450443600330232792e-02
8.723615048448287584e-03 6.939098332671330693e-01 -1.391169460685153653e-02
8.734044704722851091e-03 6.938240766049564856e-01 -1.335822174314871789e-02
8.744476425424961910e-03 6.937886415345736468e-01 -1.284422864838162363e-02
8.754927277123699877e-03 6.938020238815078011e-01 -1.237210060095095092e-02
8.765326033400251682e-03 6.938614008057018001e-01 -1.194265742542444109e-02
8.775632274841882116e-03 6.939660333038932816e-01 -1.155385859948562279e-02
8.785804292743459171e-03 6.941168381284984479e-01 -1.120350430279671780e-02
8.795770146416801924e-03 6.943177702130252094e-01 -1.088979200594169215e-02
8.805462048803343322e-03 6.945762714708927366e-01 -1.061023021773259065e-02
8.814840366169756844e-03 6.949076574289472230e-01 -1.036294592013885067e-02
8.823919392899807687e-03 6.953386292743667374e-01 -1.014751080577211070e-02
8.832753707707408780e-03 6.959105447826967605e-01 -9.963604555137962546e-03
8.841417512336373699e-03 6.966817573329248114e-01 -9.811927913141655841e-03
8.850154548175654876e-03 6.977208444729590120e-01 -9.701683672423135410e-03
8.859033541274182258e-03 6.990845063414679039e-01 -9.640346814617055393e-03
8.868272180985693406e-03 7.007789262302792643e-01 -9.644431119139058178e-03
8.877980286123981005e-03 7.026966185335377091e-01 -9.720077803455465931e-03
8.888097535962041426e-03 7.046742752654486797e-01 -9.847384401793632044e-03
8.898589266287462718e-03 7.065530678072078352e-01 -1.000069433380880966e-02
8.909349733770130161e-03 7.082290602803436030e-01 -1.014628577396631086e-02
8.920254469834925162e-03 7.096693023297313552e-01 -1.027045818561320850e-02
8.931281247339831891e-03 7.108707623026865319e-01 -1.038031485573595245e-02
8.942420322927573106e-03 7.118553550132236118e-01 -1.047804474582638215e-02
8.953590215826225801e-03 7.126472550872403611e-01 -1.057368635284305219e-02
8.964824858465716625e-03 7.132781654303339547e-01 -1.067825769984019797e-02
8.976050154804073380e-03 7.137716894916594779e-01 -1.079895310216803447e-02
8.987239626248002405e-03 7.141498263629679766e-01 -1.094169512869394220e-02
8.998265382276493529e-03 7.144247092574986802e-01 -1.111589310654068248e-02
9.008571333860586686e-03 7.145928967070840354e-01 -1.133221488174307630e-02
9.017652368432077514e-03 7.146387703905191513e-01 -1.160263734966272310e-02
9.026097949017063138e-03 7.145401556499254569e-01 -1.194004424011622413e-02
9.034674672833527959e-03 7.142774214844265224e-01 -1.235732109685367536e-02
9.043650651932747669e-03 7.138540682812990479e-01 -1.285519938303750220e-02
9.052959092085163459e-03 7.133074669776854337e-01 -1.342814882623583235e-02
9.062485550544214716e-03 7.126808097487390414e-01 -1.407404531992478662e-02
9.072065999493197225e-03 7.120013475587196883e-01 -1.479119848581572985e-02
9.081739638504253073e-03 7.112684821928393353e-01 -1.557108503341466180e-02
9.091489796684623995e-03 7.104688692678142736e-01 -1.637567676754107457e-02
9.101347430038916886e-03 7.095919313044635190e-01 -1.717518621864509015e-02
9.111283941264348984e-03 7.086499147599791826e-01 -1.793970882536575009e-02
9.121341169284750972e-03 7.076568176177905345e-01 -1.864264186844603530e-02
9.131535211571378124e-03 7.066357917368539798e-01 -1.925744015858373362e-02
9.141776101971298488e-03 7.056058466802496154e-01 -1.974947573035992776e-02
9.152064699441520013e-03 7.045863882867345884e-01 -2.012383576565745721e-02
9.162326265070179498e-03 7.035951739572638974e-01 -2.038915812419132140e-02
9.172590708708660764e-03 7.026319955352628988e-01 -2.054858095493942646e-02
9.182868605169470372e-03 7.017086789321069773e-01 -2.061256802160813667e-02
9.193092129845729585e-03 7.008310333348340970e-01 -2.059856420577202765e-02
9.203288859874885278e-03 6.999955410274768530e-01 -2.050669953503736834e-02
9.213470313480335086e-03 6.992045576800184348e-01 -2.033720691242065989e-02
9.223631102079009672e-03 6.984660434218475933e-01 -2.008606948637521941e-02
9.233674327701371989e-03 6.977847641943756285e-01 -1.974976347103081162e-02
9.243702603549536212e-03 6.971564230677466112e-01 -1.933483424044614082e-02
9.253710655053761294e-03 6.965869391038219671e-01 -1.884975036349770955e-02
9.263633615991424819e-03 6.960711927464642290e-01 -1.830157142386451205e-02
9.273607896527834293e-03 6.956025932609829487e-01 -1.770047993932947344e-02
9.283624207992028851e-03 6.951830168379006247e-01 -1.706424718139152794e-02
9.293690582153462873e-03 6.948134561494675454e-01 -1.640225747597418016e-02
9.303899778834154310e-03 6.944970046294791644e-01 -1.573221116008351878e-02
9.314219201687068406e-03 6.942381209575435586e-01 -1.507494411109482936e-02
9.324647134514016389e-03 6.940396133170723125e-01 -1.444765403960265350e-02
9.335079538899376111e-03 6.939050509111902576e-01 -1.385854943121513777e-02
9.345508612161670947e-03 6.938244558057296008e-01 -1.330868718846098080e-02
9.355943649008612722e-03 6.937941309600992312e-01 -1.279837382748406222e-02
9.366390325028018868e-03 6.938125106036525658e-01 -1.233022456777750631e-02
9.376781704781953983e-03 6.938768104918304758e-01 -1.190460967228963891e-02
9.387075121753704274e-03 6.939865041558315184e-01 -1.151941416496744114e-02
9.397227323997106238e-03 6.941427312298634744e-01 -1.117251434041142445e-02
9.407167384870808099e-03 6.943497726757776878e-01 -1.086206701427762378e-02
9.416830070711609477e-03 6.946155785648371328e-01 -1.058558162186489654e-02
9.426185317972164343e-03 6.949564288995663253e-01 -1.034134145214469190e-02
9.435242389569820781e-03 6.954002970928943039e-01 -1.012897427731064039e-02
9.444076514341624012e-03 6.959903400505778048e-01 -9.948083577002249725e-03
9.452745280289694477e-03 6.967871037320843008e-01 -9.800097300863791147e-03
9.461489896834530261e-03 6.978571683739279718e-01 -9.694662352348316914e-03
9.470398969966186895e-03 6.992560325035818147e-01 -9.638978804335177758e-03
9.479689653058611873e-03 7.009793638297190377e-01 -9.651200140446132558e-03
9.489445702586946085e-03 7.029085008417608194e-01 -9.733310536344944378e-03
9.499608413713436436e-03 7.048807942042246699e-01 -9.864284050272772997e-03
9.510133241910172924e-03 7.067394258650386840e-01 -1.001852813941922840e-02
9.520900326978477823e-03 7.083887823798991068e-01 -1.016176566335528532e-02
9.531827077215643262e-03 7.098022601506762674e-01 -1.028436189328096363e-02
9.542857977859959748e-03 7.109781743425507283e-01 -1.039286188212516088e-02
9.554012304660589039e-03 7.119401247787207065e-01 -1.049003001782232089e-02
9.565181070060799901e-03 7.127130116991369224e-01 -1.058645095910615112e-02
9.576419430509930733e-03 7.133280226648607281e-01 -1.069255891302311329e-02
9.587642848844358037e-03 7.138083843579947629e-01 -1.081558642320304062e-02
9.598808350551657487e-03 7.141753073075080005e-01 -1.096127906523655660e-02
9.609798333808263274e-03 7.144396064802402968e-01 -1.113940350877017614e-02
9.619988423749753492e-03 7.145961834450769157e-01 -1.136090072913872873e-02
9.628968725435893550e-03 7.146282987197980496e-01 -1.163757393027415807e-02
9.637401354444725607e-03 7.145137001732455584e-01 -1.198279978044281165e-02
9.646016553130309229e-03 7.142337742759712338e-01 -1.240836008753847669e-02
9.655032285007678072e-03 7.137961715990730482e-01 -1.291399237321113821e-02
9.664366047226405701e-03 7.132399751981495228e-01 -1.349422156461517128e-02
9.673904470722596849e-03 7.126077599613503955e-01 -1.414735295505507341e-02
9.683492159453771508e-03 7.119234557254150442e-01 -1.487183292341580539e-02
9.693180881884616573e-03 7.111846671370767314e-01 -1.565630748266994693e-02
9.702930124381888705e-03 7.103772670688416335e-01 -1.646108641828673141e-02
9.712801668291271354e-03 7.094930617834392939e-01 -1.725811287163902738e-02
9.722751079894842441e-03 7.085447482012966480e-01 -1.801702592940557929e-02
9.732817948269500627e-03 7.075479959478636616e-01 -1.871198589405047991e-02
9.743023505823676308e-03 7.065253242692266511e-01 -1.931474895989598525e-02
9.753264902428730038e-03 7.054955568233711727e-01 -1.979317288398670799e-02
9.763558236574926621e-03 7.044786971274890064e-01 -2.015580082029132594e-02
9.773813450745266751e-03 7.034905125814616689e-01 -2.040944915725663791e-02
9.784085346173369141e-03 7.025308949540445269e-01 -2.055789817196195315e-02
9.794368600363319299e-03 7.016123840577014326e-01 -2.061262706550519644e-02
9.804586990367816085e-03 7.007393056670941922e-01 -2.059034960581114862e-02
9.814778802035597355e-03 6.999084112861525542e-01 -2.049002493331475785e-02
9.824959348142758842e-03 6.991225478813681837e-01 -2.031189863647411831e-02
9.835114384089802333e-03 6.983902231790840576e-01 -2.005143787936917998e-02
9.845152250402385702e-03 6.977147005327906104e-01 -1.970592429312412880e-02
9.855179416445737639e-03 6.970924275331432662e-01 -1.928286051498053280e-02
9.865171991974784269e-03 6.965294240489035005e-01 -1.879059604562030583e-02
9.875096149125340422e-03 6.960189594149877035e-01 -1.823576451945487648e-02
9.885080636571119683e-03 6.955556521739575393e-01 -1.762992846282315784e-02
9.895095497246533464e-03 6.951416371353954515e-01 -1.699058129668358855e-02
9.905175990601571695e-03 6.947779063356620544e-01 -1.632655681920566759e-02
9.915397929793302520e-03 6.944678531322360238e-01 -1.565714020995101138e-02
9.925734831554079360e-03 6.942155831021985524e-01 -1.500244608023507294e-02
9.936167452733372582e-03 6.940245620192532217e-01 -1.437920505932402393e-02
9.946595628346422552e-03 6.938967462746016279e-01 -1.379453600542752609e-02
9.957023070258455913e-03 6.938221624280368482e-01 -1.324908899103097691e-02
9.967460939551659599e-03 6.937977551806778775e-01 -1.274330218227626328e-02
9.977902611139963587e-03 6.938218121645577385e-01 -1.228001326249592885e-02
9.988284378669932267e-03 6.938916801871896078e-01 -1.185904493748143190e-02
9.998564948593323398e-03 6.940070497827902640e-01 -1.147822720958137192e-02
1.000869361420066335e-02 6.941693540834751319e-01 -1.113551609349595038e-02
1.001860397623744077e-02 6.943832519926284030e-01 -1.082902427056781601e-02
